TRADE BTCUSDT 2024-08-13 03:27:00+00:00
side: -1
source_level: 59256.600000000006
entry: 59252.0
entry_fill: 59243.7
stop: 59495.799999999996
target: 58901.200000000004
net_r: 0.9242585511687494
holding_minutes: 20.0
interaction_time_ns: 1723518600000000000
acceptance: 1.0
return_depth: 0.9870604781997023
return_activity: 0.6243016707131748

CONTEXT 15m
                              open     high      low    close    volume  delta_share
ts                                                                                  
2024-08-12 19:30:00+00:00  59261.9  59263.8  59129.6  59129.6   394.349      -0.4351
2024-08-12 19:45:00+00:00  59129.6  59233.3  58970.2  58983.0  1769.187      -0.1039
2024-08-12 20:00:00+00:00  58983.0  59134.1  58822.2  59025.9  2896.383      -0.0658
2024-08-12 20:15:00+00:00  59026.0  59242.5  58955.9  59173.8  2083.070       0.2100
2024-08-12 20:30:00+00:00  59173.9  59300.0  59101.1  59108.2  1685.547      -0.0609
2024-08-12 20:45:00+00:00  59108.3  59371.9  59036.2  59251.5  2315.374       0.0937
2024-08-12 21:00:00+00:00  59251.5  59294.7  58700.4  58817.6  4633.183      -0.2431
2024-08-12 21:15:00+00:00  58817.6  58844.9  58520.7  58772.2  2971.886      -0.0386
2024-08-12 21:30:00+00:00  58772.1  58808.0  58637.6  58753.8  1162.761      -0.0184
2024-08-12 21:45:00+00:00  58753.8  59188.3  58753.8  59000.0  2538.711       0.1107
2024-08-12 22:00:00+00:00  59000.0  59204.4  58930.3  58951.2  1030.989      -0.0606
2024-08-12 22:15:00+00:00  58951.2  59195.2  58950.6  59116.4  1191.833       0.1468
2024-08-12 22:30:00+00:00  59116.5  59231.6  59022.5  59139.0   959.454       0.0826
2024-08-12 22:45:00+00:00  59139.0  59147.1  58878.0  58913.6  1166.852      -0.2631
2024-08-12 23:00:00+00:00  58913.7  59100.9  58814.0  59030.0  1195.862       0.1026
2024-08-12 23:15:00+00:00  59030.1  59379.3  58997.7  59315.8  2051.163       0.2737
2024-08-12 23:30:00+00:00  59315.8  59721.0  59240.1  59266.1  4808.902       0.0461
2024-08-12 23:45:00+00:00  59266.2  59523.0  59250.2  59356.0  1945.063       0.0614
2024-08-13 00:00:00+00:00  59356.0  59383.8  59265.9  59323.6  1105.962      -0.1311
2024-08-13 00:15:00+00:00  59323.7  59597.1  59240.6  59374.0  3057.424      -0.0870
2024-08-13 00:30:00+00:00  59374.1  59644.7  59297.3  59620.0  1676.874       0.0337
2024-08-13 00:45:00+00:00  59620.1  59769.2  59404.6  59500.1  2150.740      -0.0986
2024-08-13 01:00:00+00:00  59500.0  59866.5  59450.0  59762.4  2775.797       0.2173
2024-08-13 01:15:00+00:00  59762.0  59895.0  59424.4  59510.0  3392.226      -0.3242
2024-08-13 01:30:00+00:00  59509.9  59700.0  59475.0  59525.4  1298.767      -0.0392
2024-08-13 01:45:00+00:00  59525.8  59723.7  59488.0  59665.9   916.587       0.2125
2024-08-13 02:00:00+00:00  59665.9  59810.0  59645.1  59706.1  1356.623       0.0422
2024-08-13 02:15:00+00:00  59706.1  59752.4  59386.5  59452.3  1880.357      -0.2173
2024-08-13 02:30:00+00:00  59452.2  59563.4  59256.6  59553.9  2204.393       0.0477
2024-08-13 02:45:00+00:00  59555.8  59595.2  59372.0  59427.8   756.094      -0.1000
2024-08-13 03:00:00+00:00  59427.9  59484.4  59350.0  59450.0   735.621      -0.0389
2024-08-13 03:15:00+00:00  59450.1  59495.7  58901.1  59124.0  3710.919      -0.1356
2024-08-13 03:30:00+00:00  59123.8  59468.5  59058.8  59252.0  2680.040       0.1469

RESPONSE 1m
                              open     high      low    close    volume  delta_share
ts                                                                                  
2024-08-13 03:08:00+00:00  59381.0  59395.0  59334.2  59348.4   141.220      -0.2923
2024-08-13 03:09:00+00:00  59348.4  59380.4  59333.1  59350.7    62.119      -0.1005
2024-08-13 03:10:00+00:00  59350.5  59354.8  59192.7  59250.6   572.095      -0.1900
2024-08-13 03:11:00+00:00  59250.1  59291.7  59121.2  59179.7   854.954      -0.2418
2024-08-13 03:12:00+00:00  59179.7  59183.4  58901.1  59049.6  1187.820      -0.2250
2024-08-13 03:13:00+00:00  59049.8  59129.3  59033.0  59129.3   253.711       0.1802
2024-08-13 03:14:00+00:00  59129.6  59186.7  59069.3  59186.6   232.547       0.3831
2024-08-13 03:15:00+00:00  59186.7  59190.9  59123.6  59124.0   158.882      -0.0699
2024-08-13 03:16:00+00:00  59123.8  59152.0  59058.8  59097.4   210.801      -0.2526
2024-08-13 03:17:00+00:00  59097.3  59162.4  59082.9  59135.2   163.765       0.1376
2024-08-13 03:18:00+00:00  59135.3  59187.8  59128.1  59128.1   158.669       0.1239
2024-08-13 03:19:00+00:00  59128.1  59175.0  59123.0  59158.9    89.466      -0.1096
2024-08-13 03:20:00+00:00  59157.1  59468.5  59157.1  59420.1   892.785       0.6453
2024-08-13 03:21:00+00:00  59420.0  59440.2  59352.0  59387.7   199.079       0.0466
2024-08-13 03:22:00+00:00  59387.6  59437.3  59368.4  59411.5   186.788       0.4038
2024-08-13 03:23:00+00:00  59411.5  59425.9  59320.0  59336.6   175.737      -0.1185
2024-08-13 03:24:00+00:00  59336.0  59387.9  59336.0  59360.3   106.085       0.1050
2024-08-13 03:25:00+00:00  59360.3  59372.7  59327.3  59372.7    82.665      -0.4299
2024-08-13 03:26:00+00:00  59372.7  59379.7  59309.8  59311.9    98.390      -0.2879
2024-08-13 03:27:00+00:00  59312.0  59312.0  59212.0  59252.0   315.810      -0.5466
2024-08-13 03:28:00+00:00  59252.1  59303.4  59252.1  59289.3    72.815       0.2742
2024-08-13 03:29:00+00:00  59289.3  59312.4  59257.5  59257.5    64.994      -0.2424
2024-08-13 03:30:00+00:00  59257.6  59284.5  59215.2  59216.4   118.426      -0.4134
2024-08-13 03:31:00+00:00  59216.4  59287.5  59200.0  59287.2   136.265       0.2713
2024-08-13 03:32:00+00:00  59287.1  59289.5  59208.0  59208.0   119.615       0.4394
2024-08-13 03:33:00+00:00  59208.0  59208.1  59158.4  59158.4   130.265      -0.5607
2024-08-13 03:34:00+00:00  59158.1  59211.9  59143.6  59203.4   122.626       0.3149
2024-08-13 03:35:00+00:00  59203.3  59254.2  59184.1  59247.6    74.027       0.4645
2024-08-13 03:36:00+00:00  59247.1  59268.0  59219.8  59225.0    51.447      -0.0018
2024-08-13 03:37:00+00:00  59225.1  59225.1  59173.4  59181.3    39.820      -0.2370
2024-08-13 03:38:00+00:00  59181.2  59181.3  59147.1  59174.1    71.677       0.0713
2024-08-13 03:39:00+00:00  59174.0  59186.0  59151.8  59152.4    32.618      -0.2515
2024-08-13 03:40:00+00:00  59152.5  59158.0  59114.7  59122.1   131.347      -0.6259
2024-08-13 03:41:00+00:00  59122.2  59180.0  59122.1  59174.7    52.488       0.3989
2024-08-13 03:42:00+00:00  59174.6  59180.0  59144.1  59152.0    49.814      -0.4443
2024-08-13 03:43:00+00:00  59152.0  59157.4  59125.3  59147.3    95.340      -0.3371
2024-08-13 03:44:00+00:00  59147.3  59172.3  58991.8  59000.0  1188.886      -0.1253
2024-08-13 03:45:00+00:00  59000.0  59000.0  58954.5  58999.9   403.624       0.0211
2024-08-13 03:46:00+00:00  58999.9  59000.0  58968.5  58971.3   164.452      -0.1713
2024-08-13 03:47:00+00:00  58971.2  58971.3  58850.0  58876.8   633.268      -0.5019