TRADE BTCUSDT 2024-08-18 21:28:00+00:00
side: 1
source_level: 59594.8
entry: 59629.799999999996
entry_fill: 59641.100000000006
stop: 59466.700000000004
target: 59847.4
net_r: -0.97730060435291
holding_minutes: 29.0
interaction_time_ns: 1724008800000000000
acceptance: 1.0
return_depth: 0.8614958448753735
return_activity: 1.099815342591867

CONTEXT 15m
                              open     high      low    close    volume  delta_share
ts                                                                                  
2024-08-18 13:30:00+00:00  60055.2  60055.2  60029.3  60036.5    47.238      -0.1897
2024-08-18 13:45:00+00:00  60036.4  60123.0  60025.1  60061.6   823.406       0.0424
2024-08-18 14:00:00+00:00  60061.5  60061.6  59786.7  59794.1  2562.630      -0.3301
2024-08-18 14:15:00+00:00  59794.2  59870.0  59784.1  59807.0  1490.139      -0.1546
2024-08-18 14:30:00+00:00  59807.0  59942.0  59803.5  59818.7  1356.176       0.0254
2024-08-18 14:45:00+00:00  59818.7  59890.0  59629.3  59890.0  2616.920      -0.1993
2024-08-18 15:00:00+00:00  59890.0  59915.0  59721.4  59777.1  1149.744      -0.0504
2024-08-18 15:15:00+00:00  59777.0  59789.0  59668.0  59739.0   887.790       0.0470
2024-08-18 15:30:00+00:00  59739.0  59822.0  59738.9  59817.0   763.597       0.2460
2024-08-18 15:45:00+00:00  59817.0  59873.6  59781.5  59850.0   600.546       0.2379
2024-08-18 16:00:00+00:00  59849.9  59900.0  59810.4  59828.8   605.148       0.0402
2024-08-18 16:15:00+00:00  59828.8  59880.6  59738.3  59785.8   830.979      -0.2470
2024-08-18 16:30:00+00:00  59785.7  59916.0  59784.9  59886.4   723.097       0.2182
2024-08-18 16:45:00+00:00  59886.3  59914.0  59842.2  59866.3   590.348      -0.0498
2024-08-18 17:00:00+00:00  59866.4  59914.0  59772.0  59808.1   625.887       0.0169
2024-08-18 17:15:00+00:00  59808.0  59833.3  59665.7  59683.9  1472.315      -0.1657
2024-08-18 17:30:00+00:00  59683.8  59730.5  59327.8  59410.0  4681.990      -0.2222
2024-08-18 17:45:00+00:00  59410.1  59605.6  59382.0  59571.5  1468.909       0.1553
2024-08-18 18:00:00+00:00  59571.4  59574.5  59364.2  59496.8  1631.120      -0.1695
2024-08-18 18:15:00+00:00  59496.9  59537.7  59425.5  59458.5  1011.571       0.0254
2024-08-18 18:30:00+00:00  59458.5  59539.9  59458.5  59538.9   533.609       0.2700
2024-08-18 18:45:00+00:00  59539.0  59594.8  59520.1  59561.6   579.050       0.3661
2024-08-18 19:00:00+00:00  59561.5  59576.9  59477.3  59564.8   592.356      -0.1148
2024-08-18 19:15:00+00:00  59564.7  59576.9  59492.9  59504.1   421.412      -0.1623
2024-08-18 19:30:00+00:00  59504.1  59698.5  59466.8  59647.1  1474.845       0.3915
2024-08-18 19:45:00+00:00  59647.1  59736.6  59622.0  59699.0   862.255       0.2882
2024-08-18 20:00:00+00:00  59699.0  59699.8  59635.9  59671.9   561.680      -0.2457
2024-08-18 20:15:00+00:00  59672.0  59713.6  59645.7  59684.3   379.724       0.1510
2024-08-18 20:30:00+00:00  59684.3  59768.0  59642.9  59700.1   790.750       0.3369
2024-08-18 20:45:00+00:00  59700.0  59774.0  59680.0  59766.8   401.604       0.2232
2024-08-18 21:00:00+00:00  59766.9  59847.5  59682.7  59784.5  1142.222       0.2208
2024-08-18 21:15:00+00:00  59784.6  59786.9  59675.0  59678.1   431.794      -0.2830
2024-08-18 21:30:00+00:00  59678.2  59710.9  59566.4  59629.8   721.031      -0.2928

RESPONSE 1m
                              open     high      low    close   volume  delta_share
ts                                                                                 
2024-08-18 21:09:00+00:00  59722.7  59722.8  59719.4  59722.8   15.813      -0.3924
2024-08-18 21:10:00+00:00  59722.8  59743.3  59722.7  59735.7   56.107       0.7924
2024-08-18 21:11:00+00:00  59735.2  59735.2  59716.6  59722.6   13.651      -0.4173
2024-08-18 21:12:00+00:00  59722.7  59729.9  59715.3  59715.3   12.186      -0.6243
2024-08-18 21:13:00+00:00  59715.0  59719.4  59705.9  59705.9   28.282      -0.4556
2024-08-18 21:14:00+00:00  59705.9  59711.9  59677.5  59677.6   35.934      -0.7678
2024-08-18 21:15:00+00:00  59677.5  59690.0  59675.0  59678.1   85.497      -0.5567
2024-08-18 21:16:00+00:00  59678.2  59687.0  59670.1  59682.1   52.751      -0.2070
2024-08-18 21:17:00+00:00  59682.1  59686.4  59682.1  59682.1   18.681       0.3615
2024-08-18 21:18:00+00:00  59682.2  59696.4  59682.2  59696.3   14.655      -0.1442
2024-08-18 21:19:00+00:00  59696.3  59710.9  59696.3  59699.4   38.056       0.4488
2024-08-18 21:20:00+00:00  59699.5  59699.5  59685.5  59685.5   16.668      -0.6123
2024-08-18 21:21:00+00:00  59685.6  59685.6  59676.6  59676.6   17.079       0.0765
2024-08-18 21:22:00+00:00  59676.6  59676.6  59650.0  59650.0   37.261      -0.7907
2024-08-18 21:23:00+00:00  59650.0  59650.1  59640.0  59646.8   34.776      -0.5076
2024-08-18 21:24:00+00:00  59646.8  59646.8  59607.3  59613.2  110.522      -0.7719
2024-08-18 21:25:00+00:00  59613.2  59620.0  59604.0  59619.9   78.857       0.3910
2024-08-18 21:26:00+00:00  59619.9  59634.5  59566.4  59569.0  214.562      -0.5644
2024-08-18 21:27:00+00:00  59569.0  59626.0  59569.0  59626.0   50.808       0.3657
2024-08-18 21:28:00+00:00  59626.1  59630.0  59620.9  59629.8   36.355      -0.2440
2024-08-18 21:29:00+00:00  59629.8  59629.8  59625.3  59625.4    9.116      -0.1485
2024-08-18 21:30:00+00:00  59625.3  59647.0  59625.3  59647.0   13.423       0.5426
2024-08-18 21:31:00+00:00  59646.9  59668.5  59646.9  59668.5   19.426       0.8194
2024-08-18 21:32:00+00:00  59668.5  59688.0  59668.5  59687.9   14.798       0.8401
2024-08-18 21:33:00+00:00  59688.0  59719.3  59688.0  59719.2   41.194       0.8413
2024-08-18 21:34:00+00:00  59719.3  59719.8  59647.7  59647.7   79.363      -0.8996
2024-08-18 21:35:00+00:00  59647.7  59675.8  59647.7  59671.6   22.599      -0.0544
2024-08-18 21:36:00+00:00  59671.6  59671.7  59661.0  59661.0    7.030      -0.4390
2024-08-18 21:37:00+00:00  59661.1  59661.1  59651.2  59651.2   10.549      -0.3592
2024-08-18 21:38:00+00:00  59651.2  59651.3  59618.6  59618.6   17.264      -0.8210
2024-08-18 21:39:00+00:00  59618.6  59618.8  59588.9  59588.9   42.203      -0.2631
2024-08-18 21:40:00+00:00  59588.9  59588.9  59534.2  59563.1  200.779      -0.6373
2024-08-18 21:41:00+00:00  59563.0  59572.5  59526.4  59534.8  104.813      -0.6848
2024-08-18 21:42:00+00:00  59534.8  59553.0  59534.8  59553.0   16.359       0.1797
2024-08-18 21:43:00+00:00  59552.9  59569.1  59552.9  59569.1   17.803       0.3292
2024-08-18 21:44:00+00:00  59569.1  59606.6  59569.1  59606.1   44.814       0.7148
2024-08-18 21:45:00+00:00  59606.2  59619.4  59606.2  59619.4   11.514       0.5586
2024-08-18 21:46:00+00:00  59619.4  59619.4  59563.2  59563.3   32.168      -0.1206
2024-08-18 21:47:00+00:00  59563.3  59596.5  59556.9  59596.4   47.212       0.4127
2024-08-18 21:48:00+00:00  59596.4  59596.6  59563.4  59580.4   16.121       0.0425