TRADE BTCUSDT 2024-08-16 11:55:00+00:00
side: 1
source_level: 58227.6
entry: 58302.2
entry_fill: 58312.2
stop: 58175.8
target: 58599.9
net_r: -0.9699511511761235
holding_minutes: 21.0
interaction_time_ns: 1723806900000000000
acceptance: 0.0
return_depth: 0.7996777658431841
return_activity: 0.7214354886320994

CONTEXT 15m
                              open     high      low    close    volume  delta_share
ts                                                                                  
2024-08-16 04:00:00+00:00  57775.9  57861.9  57774.1  57858.1   276.162       0.1966
2024-08-16 04:15:00+00:00  57858.1  57963.0  57771.1  57827.0  1832.111       0.0450
2024-08-16 04:30:00+00:00  57827.0  58119.9  57766.3  58086.1  2139.014       0.2256
2024-08-16 04:45:00+00:00  58086.1  58144.8  58022.5  58122.0  1116.877       0.0994
2024-08-16 05:00:00+00:00  58122.0  58288.0  58046.3  58279.2  2008.610       0.1589
2024-08-16 05:15:00+00:00  58279.2  58300.0  58137.0  58183.2  1327.311      -0.3065
2024-08-16 05:30:00+00:00  58183.3  58264.8  58078.9  58142.6  1308.398      -0.1603
2024-08-16 05:45:00+00:00  58142.6  58258.7  58133.7  58212.8   784.694       0.1452
2024-08-16 06:00:00+00:00  58212.8  58256.2  58153.3  58157.3   854.394      -0.1528
2024-08-16 06:15:00+00:00  58157.2  58299.0  58024.6  58243.7  1977.378       0.0860
2024-08-16 06:30:00+00:00  58243.7  58380.3  58177.4  58282.1  1801.608       0.1716
2024-08-16 06:45:00+00:00  58282.0  58450.0  58282.0  58371.1  2292.061       0.0923
2024-08-16 07:00:00+00:00  58371.0  58619.9  58371.0  58495.1  3463.462       0.0293
2024-08-16 07:15:00+00:00  58495.1  58523.9  58356.1  58364.1  1612.369      -0.2687
2024-08-16 07:30:00+00:00  58364.2  58437.9  58279.3  58362.1  1657.484      -0.1597
2024-08-16 07:45:00+00:00  58362.1  58485.1  58321.5  58483.8  1186.283      -0.0065
2024-08-16 08:00:00+00:00  58483.8  58485.8  58367.9  58423.4  1210.471      -0.2678
2024-08-16 08:15:00+00:00  58423.4  58578.0  58420.3  58482.9  1910.373       0.0752
2024-08-16 08:30:00+00:00  58482.8  58518.0  58338.1  58378.0  1294.231      -0.3630
2024-08-16 08:45:00+00:00  58378.1  58450.0  58284.0  58430.1  1335.407      -0.1266
2024-08-16 09:00:00+00:00  58430.1  58450.0  58316.6  58326.2   786.014      -0.1178
2024-08-16 09:15:00+00:00  58326.3  58399.6  58227.6  58397.1  2577.413       0.1814
2024-08-16 09:30:00+00:00  58397.1  58565.8  58397.1  58480.0  3006.005       0.2629
2024-08-16 09:45:00+00:00  58480.0  58550.0  58430.0  58528.2  1392.898       0.0190
2024-08-16 10:00:00+00:00  58528.3  58656.2  58500.3  58645.1  1994.293       0.1792
2024-08-16 10:15:00+00:00  58645.1  58645.1  58303.3  58359.9  2305.537      -0.1882
2024-08-16 10:30:00+00:00  58360.0  58466.0  58268.5  58341.0  1730.254      -0.0981
2024-08-16 10:45:00+00:00  58341.1  58424.0  58289.3  58390.0   995.391       0.0214
2024-08-16 11:00:00+00:00  58390.0  58428.0  58348.8  58405.7   635.952       0.0342
2024-08-16 11:15:00+00:00  58405.8  58413.9  58175.9  58316.0  1958.776      -0.1370
2024-08-16 11:30:00+00:00  58316.0  58600.0  58298.8  58450.9  3028.150      -0.0313
2024-08-16 11:45:00+00:00  58450.8  58488.3  58307.7  58313.4  1306.486      -0.0785
2024-08-16 12:00:00+00:00  58313.9  58366.0  58213.0  58302.2  1038.678      -0.0066

RESPONSE 1m
                              open     high      low    close   volume  delta_share
ts                                                                                 
2024-08-16 11:36:00+00:00  58373.9  58407.5  58365.1  58401.3   62.950       0.0721
2024-08-16 11:37:00+00:00  58401.4  58404.4  58354.0  58373.4  170.480       0.0525
2024-08-16 11:38:00+00:00  58373.5  58402.6  58373.4  58390.7   22.765       0.2180
2024-08-16 11:39:00+00:00  58390.7  58398.0  58372.6  58374.3   36.823      -0.1907
2024-08-16 11:40:00+00:00  58374.4  58374.4  58351.5  58353.8   77.842       0.2756
2024-08-16 11:41:00+00:00  58353.9  58360.0  58328.7  58337.2   92.569      -0.3654
2024-08-16 11:42:00+00:00  58337.1  58345.0  58321.1  58321.1   68.425      -0.3107
2024-08-16 11:43:00+00:00  58321.1  58345.5  58310.0  58345.4  100.581       0.0662
2024-08-16 11:44:00+00:00  58345.4  58348.6  58313.1  58334.3  128.361      -0.0425
2024-08-16 11:45:00+00:00  58334.3  58336.9  58307.7  58313.4   90.802       0.1407
2024-08-16 11:46:00+00:00  58313.9  58330.4  58291.1  58301.0  102.344      -0.5118
2024-08-16 11:47:00+00:00  58300.9  58316.0  58280.0  58312.3   91.051      -0.0260
2024-08-16 11:48:00+00:00  58312.3  58350.0  58312.2  58350.0  101.572       0.6401
2024-08-16 11:49:00+00:00  58350.0  58358.8  58316.5  58324.9   58.927       0.2074
2024-08-16 11:50:00+00:00  58324.9  58324.9  58303.0  58304.2   35.105      -0.3255
2024-08-16 11:51:00+00:00  58304.2  58355.0  58304.2  58349.7   94.133       0.5672
2024-08-16 11:52:00+00:00  58349.8  58366.0  58318.8  58349.8   92.245       0.4569
2024-08-16 11:53:00+00:00  58349.7  58349.8  58235.9  58244.0  171.732      -0.5801
2024-08-16 11:54:00+00:00  58244.1  58269.0  58213.0  58258.1  225.305      -0.2204
2024-08-16 11:55:00+00:00  58258.0  58302.2  58256.0  58302.2   66.264       0.5403
2024-08-16 11:56:00+00:00  58302.2  58358.3  58300.7  58352.4  104.237       0.3056
2024-08-16 11:57:00+00:00  58352.4  58443.6  58352.3  58410.0  369.366       0.5775
2024-08-16 11:58:00+00:00  58410.0  58410.0  58366.5  58368.8  149.771      -0.7698
2024-08-16 11:59:00+00:00  58368.9  58375.8  58356.1  58367.8   64.848      -0.0827
2024-08-16 12:00:00+00:00  58368.0  58384.0  58341.2  58369.3  114.177      -0.1844
2024-08-16 12:01:00+00:00  58369.4  58393.2  58369.4  58386.8  105.644      -0.1440
2024-08-16 12:02:00+00:00  58386.7  58429.5  58383.3  58429.5  214.503       0.4102
2024-08-16 12:03:00+00:00  58429.4  58457.9  58424.8  58445.5  191.257       0.0955
2024-08-16 12:04:00+00:00  58445.4  58458.0  58398.5  58418.7  135.932      -0.4264
2024-08-16 12:05:00+00:00  58418.7  58466.8  58418.5  58443.5  173.739      -0.0825
2024-08-16 12:06:00+00:00  58443.5  58450.5  58430.0  58445.6   73.280      -0.3070
2024-08-16 12:07:00+00:00  58445.7  58462.0  58432.6  58445.0   39.186       0.0728
2024-08-16 12:08:00+00:00  58444.9  58468.5  58438.3  58468.5   49.934      -0.0334
2024-08-16 12:09:00+00:00  58468.4  58484.0  58444.9  58445.0   90.657      -0.2151
2024-08-16 12:10:00+00:00  58445.0  58459.1  58426.0  58441.9   45.500      -0.3469
2024-08-16 12:11:00+00:00  58441.8  58441.9  58341.4  58359.5  112.884      -0.7084
2024-08-16 12:12:00+00:00  58359.4  58359.5  58289.5  58289.5  173.271      -0.5355
2024-08-16 12:13:00+00:00  58289.6  58328.4  58257.3  58313.1  157.890       0.0085
2024-08-16 12:14:00+00:00  58313.1  58318.1  58227.6  58262.4  213.459      -0.1087
2024-08-16 12:15:00+00:00  58262.4  58262.4  58222.4  58242.8  173.120      -0.1551