NO_TRADE BTCUSDT 2024-08-12 11:06:00+00:00
side: 1
reason: first_response_geometry_below_one_r
event: BTCUSDT:CONTROL:1723460700000000000:1

CONTEXT 15m
                              open     high      low    close     volume  delta_share
ts                                                                                   
2024-08-12 03:15:00+00:00  58663.3  58663.3  58468.8  58483.1    749.017      -0.0536
2024-08-12 03:30:00+00:00  58483.1  58638.0  58410.2  58599.0    935.387       0.0524
2024-08-12 03:45:00+00:00  58599.0  58691.3  58469.0  58500.0   1027.891      -0.1086
2024-08-12 04:00:00+00:00  58500.1  58586.8  58465.6  58488.6    573.337       0.0073
2024-08-12 04:15:00+00:00  58488.6  58597.2  58388.0  58405.0    892.853       0.0134
2024-08-12 04:30:00+00:00  58405.0  58512.6  58340.0  58488.9   1053.275       0.0989
2024-08-12 04:45:00+00:00  58488.9  58619.9  58437.6  58593.2    749.172       0.1690
2024-08-12 05:00:00+00:00  58593.3  58655.6  58490.0  58494.7    776.391      -0.0343
2024-08-12 05:15:00+00:00  58494.8  58593.2  58493.0  58564.7    708.239       0.0754
2024-08-12 05:30:00+00:00  58564.7  58618.0  58457.5  58592.2    641.334      -0.0524
2024-08-12 05:45:00+00:00  58593.4  58673.0  58450.0  58450.0   1366.823      -0.1586
2024-08-12 06:00:00+00:00  58450.1  58585.4  58375.2  58549.4   1155.918       0.1448
2024-08-12 06:15:00+00:00  58549.4  58616.5  58401.0  58452.4    923.924       0.0110
2024-08-12 06:30:00+00:00  58452.4  58476.7  58337.8  58476.6   1192.802      -0.0349
2024-08-12 06:45:00+00:00  58476.6  58545.2  58233.0  58310.9   2017.116      -0.1720
2024-08-12 07:00:00+00:00  58310.9  58447.4  58112.0  58376.2   2983.453      -0.0417
2024-08-12 07:15:00+00:00  58376.3  58439.1  58000.0  58054.8   3280.960      -0.2351
2024-08-12 07:30:00+00:00  58054.9  58349.9  57615.0  58314.1  11078.800      -0.0620
2024-08-12 07:45:00+00:00  58314.0  58958.1  58243.5  58647.9   8218.996       0.0835
2024-08-12 08:00:00+00:00  58648.0  58781.1  58549.4  58640.1   3482.572      -0.0025
2024-08-12 08:15:00+00:00  58640.1  59000.0  58640.0  58787.7   4585.413       0.0329
2024-08-12 08:30:00+00:00  58787.8  58888.0  58690.3  58700.1   1634.190      -0.0398
2024-08-12 08:45:00+00:00  58700.1  58853.6  58575.1  58606.4   2080.432      -0.0401
2024-08-12 09:00:00+00:00  58606.3  58621.1  58204.8  58291.1   4052.037      -0.2498
2024-08-12 09:15:00+00:00  58291.1  58498.3  58281.6  58455.8   2191.996       0.1054
2024-08-12 09:30:00+00:00  58455.7  58612.0  58150.6  58283.0   3193.084       0.0572
2024-08-12 09:45:00+00:00  58283.0  58360.0  58140.0  58342.0   2357.323       0.0560
2024-08-12 10:00:00+00:00  58342.0  58354.8  58172.9  58267.5   1166.344      -0.0527
2024-08-12 10:15:00+00:00  58267.5  58325.0  58086.1  58226.1   2181.113      -0.0697
2024-08-12 10:30:00+00:00  58226.0  58606.8  58192.2  58594.1   3739.579       0.1088
2024-08-12 10:45:00+00:00  58594.2  58790.0  58504.6  58672.0   3533.284      -0.0484
2024-08-12 11:00:00+00:00  58673.4  58963.4  58668.7  58935.4   2743.878       0.0494
2024-08-12 11:15:00+00:00  58935.4  59300.0  58846.6  59207.2   5071.904       0.1325

RESPONSE 1m
                              open     high      low    close    volume  delta_share
ts                                                                                  
2024-08-12 10:47:00+00:00  58717.4  58719.6  58668.7  58715.4    87.878      -0.3894
2024-08-12 10:48:00+00:00  58715.5  58750.0  58693.4  58741.1    93.434       0.2049
2024-08-12 10:49:00+00:00  58741.1  58749.6  58694.0  58724.4   106.693      -0.1641
2024-08-12 10:50:00+00:00  58724.4  58738.0  58704.7  58721.0    60.043      -0.2809
2024-08-12 10:51:00+00:00  58721.0  58769.8  58713.4  58769.8   135.970       0.5008
2024-08-12 10:52:00+00:00  58769.8  58800.0  58754.2  58762.7   226.690       0.3650
2024-08-12 10:53:00+00:00  58762.7  58793.5  58750.0  58760.9   110.309      -0.3682
2024-08-12 10:54:00+00:00  58760.9  58800.0  58751.0  58795.1    76.031      -0.0513
2024-08-12 10:55:00+00:00  58796.1  58800.0  58780.1  58800.0   158.249       0.0368
2024-08-12 10:56:00+00:00  58799.9  58840.4  58794.6  58840.4   191.307       0.0782
2024-08-12 10:57:00+00:00  58840.4  58893.1  58818.7  58824.9   259.226       0.0868
2024-08-12 10:58:00+00:00  58825.0  58885.8  58810.3  58872.0   224.113       0.0873
2024-08-12 10:59:00+00:00  58871.7  58963.4  58854.5  58939.5   586.474       0.0086
2024-08-12 11:00:00+00:00  58939.5  58957.8  58885.6  58935.4   300.161      -0.0868
2024-08-12 11:01:00+00:00  58935.4  59053.1  58919.0  58921.0   855.507       0.4172
2024-08-12 11:02:00+00:00  58921.0  58955.0  58846.6  58949.9   412.612      -0.3498
2024-08-12 11:03:00+00:00  58950.0  59258.0  58949.9  59223.5  1651.483       0.4002
2024-08-12 11:04:00+00:00  59223.4  59300.0  59081.2  59105.5  1288.563      -0.1114
2024-08-12 11:05:00+00:00  59105.5  59200.0  59042.6  59065.9   377.564      -0.2000
2024-08-12 11:06:00+00:00  59065.9  59211.1  59042.6  59207.2   486.175       0.0361
2024-08-12 11:07:00+00:00  59207.2  59220.0  59106.8  59220.0   322.897      -0.1754
2024-08-12 11:08:00+00:00  59219.9  59292.9  59185.9  59268.0   362.991      -0.2805
2024-08-12 11:09:00+00:00  59268.0  59399.6  59204.0  59309.3   958.216       0.1969
2024-08-12 11:10:00+00:00  59309.4  59355.0  59229.1  59341.0   360.330       0.1357
2024-08-12 11:11:00+00:00  59341.0  59370.8  59225.6  59283.5   583.459      -0.1521
2024-08-12 11:12:00+00:00  59283.7  59398.0  59280.5  59382.3   793.308       0.4065
2024-08-12 11:13:00+00:00  59382.4  59382.4  59273.3  59332.0   508.765      -0.0192
2024-08-12 11:14:00+00:00  59333.9  59385.6  59286.3  59368.0   340.386      -0.2415
2024-08-12 11:15:00+00:00  59367.9  59370.3  59281.5  59287.5   474.497       0.0074
2024-08-12 11:16:00+00:00  59287.5  59340.2  59280.6  59319.3   235.991      -0.2458
2024-08-12 11:17:00+00:00  59319.3  59399.0  59316.2  59362.9   257.062      -0.0009
2024-08-12 11:18:00+00:00  59362.9  59441.1  59360.0  59360.0   490.963      -0.0062
2024-08-12 11:19:00+00:00  59360.1  59414.4  59324.1  59408.8   182.564      -0.1166
2024-08-12 11:20:00+00:00  59408.8  59490.0  59392.0  59412.1   797.870       0.2163
2024-08-12 11:21:00+00:00  59412.0  59487.5  59396.4  59460.0   324.098      -0.1024
2024-08-12 11:22:00+00:00  59459.9  59481.7  59413.6  59447.6   453.986       0.0673
2024-08-12 11:23:00+00:00  59447.5  59455.6  59265.0  59383.4   890.244      -0.2839
2024-08-12 11:24:00+00:00  59383.3  59455.7  59362.4  59394.9   411.361      -0.1453
2024-08-12 11:25:00+00:00  59394.9  59440.0  59346.6  59346.6   350.223      -0.0480
2024-08-12 11:26:00+00:00  59346.5  59429.9  59329.4  59414.4   648.167       0.4282