TRADE BTCUSDT 2024-08-19 12:16:00+00:00
side: -1
source_level: 58339.8
entry: 58322.4
entry_fill: 58314.1
stop: 58584.299999999996
target: 57943.6
net_r: -0.9827584208409123
holding_minutes: 60.0
interaction_time_ns: 1724061000000000000
acceptance: 1.0
return_depth: 0.9704984740590007
return_activity: 0.6989243324064107

CONTEXT 15m
                              open     high      low    close     volume  delta_share
ts                                                                                   
2024-08-19 04:30:00+00:00  58612.9  58624.7  58482.5  58510.0   1273.710      -0.2662
2024-08-19 04:45:00+00:00  58510.0  58621.6  58442.4  58468.2   1503.912       0.0855
2024-08-19 05:00:00+00:00  58468.1  58570.3  58461.6  58548.5    609.785       0.0885
2024-08-19 05:15:00+00:00  58548.5  58588.5  58450.0  58454.4    687.172       0.0356
2024-08-19 05:30:00+00:00  58454.5  58489.2  58381.3  58409.6   1015.189      -0.1609
2024-08-19 05:45:00+00:00  58409.7  58567.0  58339.8  58516.5   1656.694       0.2276
2024-08-19 06:00:00+00:00  58516.4  58516.4  58362.5  58447.0    982.159       0.0174
2024-08-19 06:15:00+00:00  58446.9  58482.4  58350.0  58373.0   1189.936      -0.1180
2024-08-19 06:30:00+00:00  58373.0  58497.2  58368.1  58463.7    782.672       0.2706
2024-08-19 06:45:00+00:00  58463.6  58580.0  58450.3  58570.0    781.753       0.3253
2024-08-19 07:00:00+00:00  58570.1  58634.3  58524.2  58539.9   1108.429       0.0848
2024-08-19 07:15:00+00:00  58539.9  58724.8  58515.0  58657.9   1856.055       0.0536
2024-08-19 07:30:00+00:00  58657.9  58673.1  58502.3  58516.6   1281.839      -0.0870
2024-08-19 07:45:00+00:00  58516.6  58617.8  58503.4  58593.5    636.051       0.2138
2024-08-19 08:00:00+00:00  58593.5  58611.5  58467.6  58475.5    945.390      -0.3625
2024-08-19 08:15:00+00:00  58475.5  58562.5  58400.0  58515.2   1700.296       0.0128
2024-08-19 08:30:00+00:00  58515.2  58599.2  58515.2  58583.9    688.380       0.1939
2024-08-19 08:45:00+00:00  58583.9  58628.5  58535.2  58553.3    752.252      -0.0820
2024-08-19 09:00:00+00:00  58553.4  58604.0  58492.1  58580.0    734.624      -0.0250
2024-08-19 09:15:00+00:00  58580.0  58643.9  58549.3  58605.7    693.360       0.0805
2024-08-19 09:30:00+00:00  58605.8  58627.5  58546.0  58597.9    421.946      -0.1012
2024-08-19 09:45:00+00:00  58597.9  58648.7  58520.6  58531.9    640.900      -0.1079
2024-08-19 10:00:00+00:00  58531.9  58531.9  57929.5  57977.2  13592.665      -0.2604
2024-08-19 10:15:00+00:00  57977.3  58147.8  57750.0  58072.1   8170.980       0.0766
2024-08-19 10:30:00+00:00  58072.1  58169.7  57985.6  58125.4   2608.482       0.0176
2024-08-19 10:45:00+00:00  58125.3  58135.1  58000.0  58012.7   1712.462      -0.1577
2024-08-19 11:00:00+00:00  58012.6  58116.6  58001.3  58016.1   1152.498       0.1555
2024-08-19 11:15:00+00:00  58016.1  58157.9  57970.6  58103.3   1333.640       0.0137
2024-08-19 11:30:00+00:00  58103.3  58121.8  57943.5  57956.4   1611.587      -0.3196
2024-08-19 11:45:00+00:00  57956.5  58067.4  57950.0  58037.6   1150.286       0.2461
2024-08-19 12:00:00+00:00  58037.5  58480.0  58021.0  58360.9   4256.464       0.2278
2024-08-19 12:15:00+00:00  58360.8  58482.7  58317.3  58348.9   3043.866      -0.2283
2024-08-19 12:30:00+00:00  58348.9  58382.6  58322.4  58322.4     57.326       0.0433

RESPONSE 1m
                              open     high      low    close   volume  delta_share
ts                                                                                 
2024-08-19 11:57:00+00:00  58236.0  58294.8  58235.9  58289.3  276.837       0.4412
2024-08-19 11:58:00+00:00  58289.3  58352.2  58265.3  58325.0  505.298       0.3585
2024-08-19 11:59:00+00:00  58324.8  58480.0  58320.2  58411.3  930.145       0.3242
2024-08-19 12:00:00+00:00  58411.3  58425.0  58330.5  58360.9  380.918      -0.3281
2024-08-19 12:01:00+00:00  58360.8  58407.9  58320.9  58406.3  331.368      -0.0150
2024-08-19 12:02:00+00:00  58406.4  58482.7  58384.4  58453.5  503.297       0.1840
2024-08-19 12:03:00+00:00  58453.2  58480.3  58450.0  58450.0  675.484      -0.5432
2024-08-19 12:04:00+00:00  58450.0  58450.1  58352.7  58379.2  428.679      -0.5192
2024-08-19 12:05:00+00:00  58379.1  58388.0  58336.2  58358.9  157.534      -0.2388
2024-08-19 12:06:00+00:00  58358.8  58368.0  58344.0  58344.0  121.701      -0.2382
2024-08-19 12:07:00+00:00  58344.0  58380.0  58330.0  58380.0  108.880      -0.0809
2024-08-19 12:08:00+00:00  58379.9  58431.8  58367.3  58431.7  133.969       0.1749
2024-08-19 12:09:00+00:00  58431.8  58433.3  58358.7  58385.9  131.255      -0.2729
2024-08-19 12:10:00+00:00  58385.9  58418.1  58375.6  58395.0   46.434      -0.0921
2024-08-19 12:11:00+00:00  58394.9  58396.8  58356.0  58377.6  116.866      -0.3838
2024-08-19 12:12:00+00:00  58377.6  58395.0  58352.1  58359.9   69.131      -0.4492
2024-08-19 12:13:00+00:00  58359.9  58386.5  58351.1  58371.7   43.430      -0.1520
2024-08-19 12:14:00+00:00  58371.7  58377.4  58317.3  58355.4   97.448      -0.3733
2024-08-19 12:15:00+00:00  58355.4  58363.6  58342.0  58348.9   78.390       0.2275
2024-08-19 12:16:00+00:00  58348.9  58382.6  58322.4  58322.4   57.326       0.0433
2024-08-19 12:17:00+00:00  58322.4  58344.7  58302.8  58337.4  120.920      -0.1386
2024-08-19 12:18:00+00:00  58337.5  58358.5  58318.2  58350.0   85.304       0.2115
2024-08-19 12:19:00+00:00  58350.0  58367.0  58340.0  58345.0   84.343       0.1631
2024-08-19 12:20:00+00:00  58344.9  58344.9  58310.2  58310.3   50.038      -0.3645
2024-08-19 12:21:00+00:00  58310.2  58330.0  58260.4  58272.0  199.310      -0.6873
2024-08-19 12:22:00+00:00  58272.1  58280.5  58241.6  58245.0  157.891      -0.2117
2024-08-19 12:23:00+00:00  58245.0  58299.8  58227.0  58288.5  102.093       0.0316
2024-08-19 12:24:00+00:00  58288.6  58300.0  58275.4  58300.0   38.489       0.0882
2024-08-19 12:25:00+00:00  58300.1  58305.0  58281.0  58296.1   45.364       0.0420
2024-08-19 12:26:00+00:00  58296.1  58330.0  58291.0  58322.1   57.996       0.2907
2024-08-19 12:27:00+00:00  58322.1  58366.9  58320.3  58331.2   99.948       0.4175
2024-08-19 12:28:00+00:00  58331.2  58357.2  58320.0  58357.1   42.851       0.5182
2024-08-19 12:29:00+00:00  58357.1  58416.2  58357.1  58414.4   84.153       0.6174
2024-08-19 12:30:00+00:00  58414.4  58417.3  58384.6  58414.5  117.768      -0.1132
2024-08-19 12:31:00+00:00  58414.5  58426.0  58375.0  58386.8  119.659      -0.1014
2024-08-19 12:32:00+00:00  58386.7  58420.0  58379.1  58417.6   66.068       0.0690
2024-08-19 12:33:00+00:00  58417.7  58420.0  58394.6  58405.4   99.947      -0.2322
2024-08-19 12:34:00+00:00  58405.3  58412.2  58396.0  58405.3   35.131       0.0752
2024-08-19 12:35:00+00:00  58405.3  58415.7  58398.0  58403.1   34.544      -0.2556
2024-08-19 12:36:00+00:00  58403.0  58442.9  58391.8  58420.3  114.559       0.2312