NO_TRADE BTCUSDT 2024-08-12 00:46:00+00:00
side: 1
reason: first_response_geometry_below_one_r
event: BTCUSDT:CONTROL:1723422900000000000:1

CONTEXT 15m
                              open     high      low    close     volume  delta_share
ts                                                                                   
2024-08-11 17:00:00+00:00  60116.1  60260.0  60109.5  60154.6    773.813       0.2362
2024-08-11 17:15:00+00:00  60154.6  60250.0  60090.2  60124.1    769.976       0.0762
2024-08-11 17:30:00+00:00  60124.2  60175.2  59986.7  60018.0   1195.144      -0.2389
2024-08-11 17:45:00+00:00  60017.9  60170.0  59990.0  60150.9    871.085       0.1722
2024-08-11 18:00:00+00:00  60150.9  60330.6  60085.2  60237.8   1416.852       0.2213
2024-08-11 18:15:00+00:00  60237.8  60270.8  60148.2  60263.0    737.852      -0.0094
2024-08-11 18:30:00+00:00  60262.9  60320.4  60093.1  60141.3    844.009      -0.0812
2024-08-11 18:45:00+00:00  60141.3  60199.7  60101.6  60143.9    518.130      -0.1033
2024-08-11 19:00:00+00:00  60143.9  60240.0  60105.7  60235.6    579.311       0.3088
2024-08-11 19:15:00+00:00  60235.6  60250.0  60021.0  60050.9    906.693      -0.0599
2024-08-11 19:30:00+00:00  60051.0  60051.0  59619.0  59636.7   5357.178      -0.1412
2024-08-11 19:45:00+00:00  59636.8  59814.0  59512.2  59793.9   4163.334       0.0570
2024-08-11 20:00:00+00:00  59794.0  59831.0  59582.9  59598.0   1189.614      -0.1795
2024-08-11 20:15:00+00:00  59598.1  59657.5  58718.8  58999.9  13979.362      -0.1745
2024-08-11 20:30:00+00:00  58999.9  59147.1  58500.0  58599.9   6767.645      -0.1066
2024-08-11 20:45:00+00:00  58600.0  58844.0  58255.4  58691.3   7502.666      -0.0028
2024-08-11 21:00:00+00:00  58691.2  58752.8  58447.2  58480.0   2365.831       0.0237
2024-08-11 21:15:00+00:00  58479.9  58629.3  58272.9  58560.6   4737.177       0.1174
2024-08-11 21:30:00+00:00  58560.5  58776.3  58505.4  58573.1   3025.469       0.0326
2024-08-11 21:45:00+00:00  58573.1  58958.9  58478.9  58947.1   3163.628       0.2238
2024-08-11 22:00:00+00:00  58947.0  59061.8  58734.9  58976.4   1978.336      -0.0832
2024-08-11 22:15:00+00:00  58976.3  59336.6  58563.3  58587.9   7890.732      -0.0998
2024-08-11 22:30:00+00:00  58587.9  58809.5  58500.0  58648.5   3115.873       0.0223
2024-08-11 22:45:00+00:00  58648.6  58930.0  58500.0  58833.9   3243.554       0.0399
2024-08-11 23:00:00+00:00  58833.9  59125.0  58818.3  58961.0   2201.103      -0.0522
2024-08-11 23:15:00+00:00  58960.9  58961.0  58681.2  58726.1   1718.967      -0.1318
2024-08-11 23:30:00+00:00  58726.1  58970.4  58694.1  58920.0   1229.935       0.1244
2024-08-11 23:45:00+00:00  58920.0  58995.5  58784.5  58792.9   1140.286      -0.1057
2024-08-12 00:00:00+00:00  58792.9  58848.8  58672.0  58693.1   1236.462      -0.1158
2024-08-12 00:15:00+00:00  58693.1  58874.5  58609.6  58855.9   2274.506       0.1415
2024-08-12 00:30:00+00:00  58855.9  59055.0  58612.0  58626.7   2780.663      -0.1071
2024-08-12 00:45:00+00:00  58626.8  58633.1  58078.8  58319.2   7640.054      -0.0765
2024-08-12 01:00:00+00:00  58319.2  58401.9  58311.7  58398.9    248.715       0.3044

RESPONSE 1m
                              open     high      low    close    volume  delta_share
ts                                                                                  
2024-08-12 00:27:00+00:00  58793.3  58797.0  58712.8  58714.6   145.381      -0.6729
2024-08-12 00:28:00+00:00  58714.5  58732.3  58630.0  58650.1   230.006      -0.2938
2024-08-12 00:29:00+00:00  58650.1  58661.5  58612.0  58621.9   124.787      -0.3331
2024-08-12 00:30:00+00:00  58621.9  58643.6  58617.8  58626.7   163.139      -0.1352
2024-08-12 00:31:00+00:00  58626.8  58633.1  58577.2  58596.2   318.952      -0.1765
2024-08-12 00:32:00+00:00  58596.1  58596.2  58410.0  58435.0   974.947      -0.3180
2024-08-12 00:33:00+00:00  58434.8  58538.0  58410.0  58520.6   350.845       0.3067
2024-08-12 00:34:00+00:00  58520.6  58520.8  58078.8  58177.4  2060.780      -0.3513
2024-08-12 00:35:00+00:00  58177.4  58401.7  58097.2  58401.7   802.948       0.3418
2024-08-12 00:36:00+00:00  58401.7  58496.5  58390.7  58475.9   493.195       0.2186
2024-08-12 00:37:00+00:00  58477.9  58486.0  58193.7  58254.9   717.527      -0.3542
2024-08-12 00:38:00+00:00  58254.8  58389.8  58233.5  58353.4   339.407       0.3391
2024-08-12 00:39:00+00:00  58353.4  58411.2  58344.1  58360.4   201.536       0.2858
2024-08-12 00:40:00+00:00  58360.3  58381.0  58260.1  58280.1   304.805      -0.0950
2024-08-12 00:41:00+00:00  58280.0  58376.6  58220.0  58340.5   384.806       0.2398
2024-08-12 00:42:00+00:00  58340.5  58398.2  58339.5  58356.0   209.855       0.4359
2024-08-12 00:43:00+00:00  58356.0  58381.8  58343.3  58375.4    97.503       0.3526
2024-08-12 00:44:00+00:00  58375.4  58375.4  58273.1  58292.0   151.562      -0.3311
2024-08-12 00:45:00+00:00  58292.1  58352.0  58224.9  58319.2   231.386      -0.1802
2024-08-12 00:46:00+00:00  58319.2  58401.9  58311.7  58398.9   248.715       0.3044
2024-08-12 00:47:00+00:00  58398.5  58666.0  58390.5  58666.0   837.130       0.5470
2024-08-12 00:48:00+00:00  58666.0  58697.3  58587.4  58592.1   484.773      -0.0217
2024-08-12 00:49:00+00:00  58592.1  58592.2  58538.2  58542.2   128.063      -0.3276
2024-08-12 00:50:00+00:00  58542.2  58576.5  58505.3  58527.9   182.205       0.3027
2024-08-12 00:51:00+00:00  58527.9  58540.2  58474.5  58476.9   131.497      -0.1270
2024-08-12 00:52:00+00:00  58476.9  58482.9  58410.9  58475.9   181.575      -0.2176
2024-08-12 00:53:00+00:00  58476.0  58585.4  58475.9  58489.0   193.188       0.2163
2024-08-12 00:54:00+00:00  58489.1  58509.2  58438.7  58444.6   145.718      -0.5045
2024-08-12 00:55:00+00:00  58444.4  58479.8  58425.9  58433.5    76.572       0.2200
2024-08-12 00:56:00+00:00  58433.5  58493.0  58403.7  58458.1    97.481       0.0525
2024-08-12 00:57:00+00:00  58458.0  58500.0  58450.0  58451.0    94.391       0.1003
2024-08-12 00:58:00+00:00  58451.1  58451.1  58381.4  58411.6   190.792      -0.0782
2024-08-12 00:59:00+00:00  58411.5  58439.9  58383.2  58439.9    49.543      -0.1408
2024-08-12 01:00:00+00:00  58439.9  58456.5  58407.2  58433.5   210.970       0.1085
2024-08-12 01:01:00+00:00  58433.4  58499.9  58400.1  58426.9   181.425       0.2939
2024-08-12 01:02:00+00:00  58426.9  58439.9  58366.3  58422.1   128.194      -0.3935
2024-08-12 01:03:00+00:00  58422.0  58450.0  58332.0  58336.0   102.535      -0.2463
2024-08-12 01:04:00+00:00  58335.9  58362.4  58300.0  58300.5   261.169      -0.1283
2024-08-12 01:05:00+00:00  58300.4  58322.7  58267.1  58281.8   183.738      -0.3503
2024-08-12 01:06:00+00:00  58281.8  58322.6  58251.8  58317.9   152.441       0.1153