TRADE BTCUSDT 2024-08-13 18:49:00+00:00
side: 1
source_level: 60736.600000000006
entry: 60849.5
entry_fill: 60857.299999999996
stop: 60415.00000000001
target: 61544.899999999994
net_r: -0.9880260666191548
holding_minutes: 32.0
interaction_time_ns: 1723567800000000000
acceptance: 1.0
return_depth: 0.8603414151410242
return_activity: 0.8015588688992822

CONTEXT 15m
                              open     high      low    close     volume  delta_share
ts                                                                                   
2024-08-13 11:00:00+00:00  58713.4  58745.4  58607.2  58637.7    907.733      -0.0786
2024-08-13 11:15:00+00:00  58637.7  58768.0  58484.3  58686.5   1823.688      -0.1583
2024-08-13 11:30:00+00:00  58686.4  58770.6  58628.1  58678.3    880.919       0.0897
2024-08-13 11:45:00+00:00  58678.4  58880.0  58663.5  58830.0   1309.264       0.2993
2024-08-13 12:00:00+00:00  58830.1  58864.4  58704.1  58803.0    969.389      -0.0857
2024-08-13 12:15:00+00:00  58803.0  58972.8  58778.9  58884.7   2021.180       0.0098
2024-08-13 12:30:00+00:00  58884.6  58938.0  58726.6  58817.0   1360.484      -0.1435
2024-08-13 12:45:00+00:00  58817.1  59169.6  58668.0  58849.9   7921.300       0.0208
2024-08-13 13:00:00+00:00  58850.0  59160.7  58764.2  59095.4   3128.339       0.2322
2024-08-13 13:15:00+00:00  59095.4  59200.0  58913.0  58967.7   3241.344      -0.2283
2024-08-13 13:30:00+00:00  58967.6  59034.4  58805.3  58902.7   2713.667      -0.0563
2024-08-13 13:45:00+00:00  58902.7  59250.0  58813.9  59166.3   4955.931       0.0130
2024-08-13 14:00:00+00:00  59166.3  59393.3  59139.4  59362.0   5079.755       0.0360
2024-08-13 14:15:00+00:00  59361.9  59539.8  59231.0  59522.9   3900.264       0.0298
2024-08-13 14:30:00+00:00  59522.9  59649.0  59349.8  59417.9   4624.369      -0.1753
2024-08-13 14:45:00+00:00  59417.8  59500.0  58986.2  59480.0   6281.766      -0.0291
2024-08-13 15:00:00+00:00  59479.9  59748.8  59430.0  59606.1   5785.785       0.0581
2024-08-13 15:15:00+00:00  59606.2  59693.2  59400.0  59464.4   2503.914      -0.1381
2024-08-13 15:30:00+00:00  59464.3  59559.9  59351.0  59452.5   2049.686      -0.1247
2024-08-13 15:45:00+00:00  59452.6  59496.0  59302.4  59421.1   1723.953      -0.0602
2024-08-13 16:00:00+00:00  59421.2  59499.3  59336.4  59438.4   1009.413       0.0428
2024-08-13 16:15:00+00:00  59438.4  59772.0  59402.6  59700.0   2872.045       0.1713
2024-08-13 16:30:00+00:00  59700.0  60134.0  59699.8  59855.9   6522.223       0.0422
2024-08-13 16:45:00+00:00  59855.9  60649.2  59855.9  60595.3  11215.232       0.2049
2024-08-13 17:00:00+00:00  60595.3  61150.0  60563.1  61121.0  13064.412       0.1502
2024-08-13 17:15:00+00:00  61121.0  61389.0  60929.8  61337.2  10818.493      -0.0410
2024-08-13 17:30:00+00:00  61337.2  61441.5  61076.1  61237.3   5771.107      -0.1141
2024-08-13 17:45:00+00:00  61237.4  61545.0  61228.1  61466.9   4394.081       0.2074
2024-08-13 18:00:00+00:00  61467.0  61514.4  60867.1  61134.1   8602.304      -0.1348
2024-08-13 18:15:00+00:00  61134.1  61187.1  60943.7  61068.0   3966.203       0.0701
2024-08-13 18:30:00+00:00  61068.1  61096.9  60828.9  60958.7   2669.103      -0.0238
2024-08-13 18:45:00+00:00  60958.7  61095.5  60818.0  60948.4   2785.567       0.2381
2024-08-13 19:00:00+00:00  60948.3  60952.9  60744.0  60849.5   1914.030      -0.1548

RESPONSE 1m
                              open     high      low    close   volume  delta_share
ts                                                                                 
2024-08-13 18:30:00+00:00  60914.6  60962.9  60891.8  60958.7  191.082       0.3050
2024-08-13 18:31:00+00:00  60958.7  60969.2  60889.2  60907.2  121.241      -0.2924
2024-08-13 18:32:00+00:00  60905.8  60914.6  60850.0  60883.0  176.201       0.0517
2024-08-13 18:33:00+00:00  60883.0  60891.1  60853.7  60876.4   79.913       0.0005
2024-08-13 18:34:00+00:00  60876.4  60876.5  60830.0  60840.1  144.268      -0.1064
2024-08-13 18:35:00+00:00  60840.1  60866.0  60818.0  60866.0  178.319       0.2211
2024-08-13 18:36:00+00:00  60866.0  60900.0  60850.1  60900.0  132.579       0.3467
2024-08-13 18:37:00+00:00  60899.9  61007.8  60899.9  60981.2  787.645       0.5158
2024-08-13 18:38:00+00:00  60981.2  61004.4  60974.0  60994.0  158.607       0.4868
2024-08-13 18:39:00+00:00  60993.9  61058.7  60981.3  61010.0  230.323       0.3500
2024-08-13 18:40:00+00:00  61010.1  61064.9  60991.8  61059.0  143.975       0.4180
2024-08-13 18:41:00+00:00  61058.9  61095.5  61058.9  61081.9  205.046       0.1899
2024-08-13 18:42:00+00:00  61081.3  61091.0  60982.4  60982.4  112.184      -0.3053
2024-08-13 18:43:00+00:00  60982.2  60982.2  60924.2  60924.2  101.922      -0.2141
2024-08-13 18:44:00+00:00  60924.1  60978.4  60911.8  60951.4   80.663       0.3093
2024-08-13 18:45:00+00:00  60951.3  60976.9  60937.0  60948.4  132.681      -0.0953
2024-08-13 18:46:00+00:00  60948.3  60952.9  60851.9  60852.0  317.666      -0.2467
2024-08-13 18:47:00+00:00  60851.9  60868.1  60777.1  60832.6  488.717      -0.3550
2024-08-13 18:48:00+00:00  60832.6  60832.6  60744.0  60819.9  907.881      -0.1136
2024-08-13 18:49:00+00:00  60820.0  60870.2  60793.4  60849.5  199.766       0.2944
2024-08-13 18:50:00+00:00  60849.5  60880.3  60824.0  60855.9  161.498       0.2580
2024-08-13 18:51:00+00:00  60855.9  60865.8  60820.2  60849.5   79.203      -0.2051
2024-08-13 18:52:00+00:00  60849.5  60849.6  60805.5  60813.7   84.656      -0.6450
2024-08-13 18:53:00+00:00  60813.6  60813.6  60750.0  60800.1  377.609       0.0171
2024-08-13 18:54:00+00:00  60800.0  60800.0  60740.0  60776.3  163.724      -0.1010
2024-08-13 18:55:00+00:00  60776.3  60874.9  60771.6  60869.7  261.496       0.4848
2024-08-13 18:56:00+00:00  60869.6  60886.9  60835.9  60835.9  122.903       0.0982
2024-08-13 18:57:00+00:00  60835.9  60842.1  60801.9  60823.9  150.055      -0.3718
2024-08-13 18:58:00+00:00  60824.0  60824.0  60802.7  60810.8  101.822      -0.4650
2024-08-13 18:59:00+00:00  60810.9  60810.9  60785.0  60801.9   67.565       0.0100
2024-08-13 19:00:00+00:00  60802.0  60810.8  60774.5  60774.5   66.857      -0.2485
2024-08-13 19:01:00+00:00  60774.5  60774.5  60702.2  60708.7  347.170      -0.3879
2024-08-13 19:02:00+00:00  60708.7  60756.8  60666.6  60712.8  542.821      -0.1787
2024-08-13 19:03:00+00:00  60712.8  60824.7  60712.8  60800.7  260.937       0.4676
2024-08-13 19:04:00+00:00  60800.6  60805.6  60720.0  60720.0   94.649      -0.3818
2024-08-13 19:05:00+00:00  60720.1  60720.1  60663.7  60686.6  186.691      -0.1457
2024-08-13 19:06:00+00:00  60686.6  60686.6  60615.3  60620.0  421.474      -0.2669
2024-08-13 19:07:00+00:00  60620.1  60699.4  60620.0  60680.1  203.578       0.0704
2024-08-13 19:08:00+00:00  60680.2  60685.5  60580.0  60629.3  469.745      -0.0755
2024-08-13 19:09:00+00:00  60629.3  60634.9  60592.4  60631.9  177.850       0.0358