NO_TRADE BTCUSDT 2024-08-12 07:49:00+00:00
side: -1
reason: first_response_geometry_below_one_r
event: BTCUSDT:CONTROL:1723448700000000000:-1

CONTEXT 15m
                              open     high      low    close     volume  delta_share
ts                                                                                   
2024-08-12 00:00:00+00:00  58790.0  58806.9  58672.0  58693.1    810.271      -0.1494
2024-08-12 00:15:00+00:00  58693.1  58874.5  58609.6  58855.9   2274.506       0.1415
2024-08-12 00:30:00+00:00  58855.9  59055.0  58612.0  58626.7   2780.663      -0.1071
2024-08-12 00:45:00+00:00  58626.8  58633.1  58078.8  58319.2   7640.054      -0.0765
2024-08-12 01:00:00+00:00  58319.2  58697.3  58311.7  58433.5   3252.613       0.1478
2024-08-12 01:15:00+00:00  58433.4  58654.7  58251.8  58585.7   2545.514       0.0768
2024-08-12 01:30:00+00:00  58585.7  58777.0  58476.6  58482.0   2304.217      -0.0633
2024-08-12 01:45:00+00:00  58482.0  58648.8  58262.8  58576.8   2356.522       0.1886
2024-08-12 02:00:00+00:00  58576.8  58683.1  58459.4  58564.1   1286.912      -0.0812
2024-08-12 02:15:00+00:00  58564.1  58617.3  58336.7  58594.4   1531.740       0.0523
2024-08-12 02:30:00+00:00  58594.4  58634.0  58388.0  58440.6   1007.628      -0.0703
2024-08-12 02:45:00+00:00  58440.7  58470.9  58300.0  58385.7   1199.573      -0.0557
2024-08-12 03:00:00+00:00  58385.6  58733.0  58325.4  58691.8   1855.432       0.1015
2024-08-12 03:15:00+00:00  58691.8  58800.0  58468.8  58483.1   1703.835      -0.0984
2024-08-12 03:30:00+00:00  58483.1  58638.0  58410.2  58599.0    935.387       0.0524
2024-08-12 03:45:00+00:00  58599.0  58691.3  58469.0  58500.0   1027.891      -0.1086
2024-08-12 04:00:00+00:00  58500.1  58586.8  58465.6  58488.6    573.337       0.0073
2024-08-12 04:15:00+00:00  58488.6  58597.2  58388.0  58405.0    892.853       0.0134
2024-08-12 04:30:00+00:00  58405.0  58512.6  58340.0  58488.9   1053.275       0.0989
2024-08-12 04:45:00+00:00  58488.9  58619.9  58437.6  58593.2    749.172       0.1690
2024-08-12 05:00:00+00:00  58593.3  58655.6  58490.0  58494.7    776.391      -0.0343
2024-08-12 05:15:00+00:00  58494.8  58593.2  58493.0  58564.7    708.239       0.0754
2024-08-12 05:30:00+00:00  58564.7  58618.0  58457.5  58592.2    641.334      -0.0524
2024-08-12 05:45:00+00:00  58593.4  58673.0  58450.0  58450.0   1366.823      -0.1586
2024-08-12 06:00:00+00:00  58450.1  58585.4  58375.2  58549.4   1155.918       0.1448
2024-08-12 06:15:00+00:00  58549.4  58616.5  58401.0  58452.4    923.924       0.0110
2024-08-12 06:30:00+00:00  58452.4  58476.7  58337.8  58476.6   1192.802      -0.0349
2024-08-12 06:45:00+00:00  58476.6  58545.2  58233.0  58310.9   2017.116      -0.1720
2024-08-12 07:00:00+00:00  58310.9  58447.4  58112.0  58376.2   2983.453      -0.0417
2024-08-12 07:15:00+00:00  58376.3  58439.1  58000.0  58054.8   3280.960      -0.2351
2024-08-12 07:30:00+00:00  58054.9  58349.9  57615.0  58314.1  11078.800      -0.0620
2024-08-12 07:45:00+00:00  58314.0  58958.1  58243.5  58647.9   8218.996       0.0835
2024-08-12 08:00:00+00:00  58648.0  58781.1  58592.7  58685.0   1053.037       0.0494

RESPONSE 1m
                              open     high      low    close    volume  delta_share
ts                                                                                  
2024-08-12 07:30:00+00:00  58265.8  58323.4  58235.1  58314.1   224.669       0.2198
2024-08-12 07:31:00+00:00  58314.0  58320.2  58243.5  58302.0   246.569       0.0684
2024-08-12 07:32:00+00:00  58301.5  58430.0  58270.6  58410.1   566.109       0.2812
2024-08-12 07:33:00+00:00  58410.0  58444.0  58384.3  58395.9   430.666       0.0848
2024-08-12 07:34:00+00:00  58395.9  58522.7  58392.5  58500.1   530.720       0.3985
2024-08-12 07:35:00+00:00  58500.0  58650.2  58491.9  58647.9   929.709       0.3293
2024-08-12 07:36:00+00:00  58647.8  58660.0  58523.4  58532.0   460.999      -0.2388
2024-08-12 07:37:00+00:00  58532.0  58714.0  58500.0  58712.3   657.916       0.3123
2024-08-12 07:38:00+00:00  58712.2  58750.0  58582.7  58582.7   813.071      -0.3850
2024-08-12 07:39:00+00:00  58582.8  58749.0  58580.3  58692.5   440.356       0.1822
2024-08-12 07:40:00+00:00  58692.4  58776.9  58635.7  58776.9   445.247       0.1295
2024-08-12 07:41:00+00:00  58776.9  58958.1  58755.2  58919.6  1224.087       0.2614
2024-08-12 07:42:00+00:00  58919.8  58935.7  58750.5  58778.7   632.820      -0.0794
2024-08-12 07:43:00+00:00  58778.7  58791.1  58687.0  58708.7   301.948      -0.1956
2024-08-12 07:44:00+00:00  58708.1  58722.7  58659.2  58696.8   284.482      -0.2862
2024-08-12 07:45:00+00:00  58696.8  58696.9  58609.4  58647.9   254.297      -0.3690
2024-08-12 07:46:00+00:00  58648.0  58662.6  58592.7  58660.9   261.977      -0.0321
2024-08-12 07:47:00+00:00  58660.8  58758.6  58653.6  58752.4   337.298       0.3323
2024-08-12 07:48:00+00:00  58752.3  58781.1  58722.4  58752.1   242.566       0.0602
2024-08-12 07:49:00+00:00  58752.0  58769.9  58685.0  58685.0   211.196      -0.3134
2024-08-12 07:50:00+00:00  58685.0  58715.9  58600.1  58715.9   219.933      -0.1018
2024-08-12 07:51:00+00:00  58715.9  58718.0  58555.2  58561.0   390.530      -0.3125
2024-08-12 07:52:00+00:00  58561.0  58754.7  58556.4  58718.9   343.696       0.2916
2024-08-12 07:53:00+00:00  58718.9  58737.0  58670.2  58732.1   142.653      -0.0548
2024-08-12 07:54:00+00:00  58732.0  58768.0  58674.3  58695.9   466.376      -0.0900
2024-08-12 07:55:00+00:00  58696.0  58700.7  58614.4  58614.4   124.990      -0.1588
2024-08-12 07:56:00+00:00  58614.4  58617.1  58549.4  58565.1   417.791       0.1282
2024-08-12 07:57:00+00:00  58565.1  58640.0  58565.0  58621.1    80.373       0.1543
2024-08-12 07:58:00+00:00  58621.1  58643.0  58612.1  58629.1    61.527       0.0901
2024-08-12 07:59:00+00:00  58629.2  58668.6  58629.1  58639.5    68.089       0.0053
2024-08-12 08:00:00+00:00  58639.5  58677.5  58638.0  58640.1   113.577      -0.1657
2024-08-12 08:01:00+00:00  58640.1  58708.3  58640.0  58708.3   189.996       0.1527
2024-08-12 08:02:00+00:00  58708.3  58770.0  58708.2  58767.1   261.299       0.4706
2024-08-12 08:03:00+00:00  58767.1  58837.0  58719.7  58829.0   337.051       0.3055
2024-08-12 08:04:00+00:00  58828.9  58948.0  58828.1  58864.6   602.526       0.2633
2024-08-12 08:05:00+00:00  58864.4  58864.4  58762.0  58783.5   289.560      -0.2742
2024-08-12 08:06:00+00:00  58783.4  58830.0  58747.6  58830.0   170.108       0.3310
2024-08-12 08:07:00+00:00  58830.0  58950.0  58800.4  58950.0   401.333       0.3078
2024-08-12 08:08:00+00:00  58950.0  59000.0  58865.1  58865.2   801.735      -0.0729
2024-08-12 08:09:00+00:00  58865.1  58904.4  58855.8  58871.4   173.805       0.0012