TRADE BTCUSDT 2024-08-18 22:05:00+00:00
side: -1
source_level: 59466.8
entry: 59461.100000000006
entry_fill: 59451.5
stop: 59597.899999999994
target: 59300.1
net_r: 0.4957574194731701
holding_minutes: 60.0
interaction_time_ns: 1724018400000000000
acceptance: 1.0
return_depth: 0.9658273381295145
return_activity: 0.41885718949663114

CONTEXT 15m
                              open     high      low    close    volume  delta_share
ts                                                                                  
2024-08-18 14:15:00+00:00  59800.2  59833.6  59784.1  59807.0   852.733      -0.1980
2024-08-18 14:30:00+00:00  59807.0  59942.0  59803.5  59818.7  1356.176       0.0254
2024-08-18 14:45:00+00:00  59818.7  59890.0  59629.3  59890.0  2616.920      -0.1993
2024-08-18 15:00:00+00:00  59890.0  59915.0  59721.4  59777.1  1149.744      -0.0504
2024-08-18 15:15:00+00:00  59777.0  59789.0  59668.0  59739.0   887.790       0.0470
2024-08-18 15:30:00+00:00  59739.0  59822.0  59738.9  59817.0   763.597       0.2460
2024-08-18 15:45:00+00:00  59817.0  59873.6  59781.5  59850.0   600.546       0.2379
2024-08-18 16:00:00+00:00  59849.9  59900.0  59810.4  59828.8   605.148       0.0402
2024-08-18 16:15:00+00:00  59828.8  59880.6  59738.3  59785.8   830.979      -0.2470
2024-08-18 16:30:00+00:00  59785.7  59916.0  59784.9  59886.4   723.097       0.2182
2024-08-18 16:45:00+00:00  59886.3  59914.0  59842.2  59866.3   590.348      -0.0498
2024-08-18 17:00:00+00:00  59866.4  59914.0  59772.0  59808.1   625.887       0.0169
2024-08-18 17:15:00+00:00  59808.0  59833.3  59665.7  59683.9  1472.315      -0.1657
2024-08-18 17:30:00+00:00  59683.8  59730.5  59327.8  59410.0  4681.990      -0.2222
2024-08-18 17:45:00+00:00  59410.1  59605.6  59382.0  59571.5  1468.909       0.1553
2024-08-18 18:00:00+00:00  59571.4  59574.5  59364.2  59496.8  1631.120      -0.1695
2024-08-18 18:15:00+00:00  59496.9  59537.7  59425.5  59458.5  1011.571       0.0254
2024-08-18 18:30:00+00:00  59458.5  59539.9  59458.5  59538.9   533.609       0.2700
2024-08-18 18:45:00+00:00  59539.0  59594.8  59520.1  59561.6   579.050       0.3661
2024-08-18 19:00:00+00:00  59561.5  59576.9  59477.3  59564.8   592.356      -0.1148
2024-08-18 19:15:00+00:00  59564.7  59576.9  59492.9  59504.1   421.412      -0.1623
2024-08-18 19:30:00+00:00  59504.1  59698.5  59466.8  59647.1  1474.845       0.3915
2024-08-18 19:45:00+00:00  59647.1  59736.6  59622.0  59699.0   862.255       0.2882
2024-08-18 20:00:00+00:00  59699.0  59699.8  59635.9  59671.9   561.680      -0.2457
2024-08-18 20:15:00+00:00  59672.0  59713.6  59645.7  59684.3   379.724       0.1510
2024-08-18 20:30:00+00:00  59684.3  59768.0  59642.9  59700.1   790.750       0.3369
2024-08-18 20:45:00+00:00  59700.0  59774.0  59680.0  59766.8   401.604       0.2232
2024-08-18 21:00:00+00:00  59766.9  59847.5  59682.7  59784.5  1142.222       0.2208
2024-08-18 21:15:00+00:00  59784.6  59786.9  59675.0  59678.1   431.794      -0.2830
2024-08-18 21:30:00+00:00  59678.2  59710.9  59566.4  59647.0   743.570      -0.2759
2024-08-18 21:45:00+00:00  59646.9  59719.8  59526.4  59619.4   650.508      -0.2986
2024-08-18 22:00:00+00:00  59619.4  59619.4  59300.0  59412.6  1609.241      -0.1913
2024-08-18 22:15:00+00:00  59412.6  59527.0  59376.6  59461.1   493.171       0.2152

RESPONSE 1m
                              open     high      low    close   volume  delta_share
ts                                                                                 
2024-08-18 21:46:00+00:00  59619.4  59619.4  59563.2  59563.3   32.168      -0.1206
2024-08-18 21:47:00+00:00  59563.3  59596.5  59556.9  59596.4   47.212       0.4127
2024-08-18 21:48:00+00:00  59596.4  59596.6  59563.4  59580.4   16.121       0.0425
2024-08-18 21:49:00+00:00  59580.3  59580.4  59568.0  59580.0    9.378      -0.1028
2024-08-18 21:50:00+00:00  59580.0  59580.0  59537.8  59539.1   44.406      -0.3634
2024-08-18 21:51:00+00:00  59539.1  59539.2  59496.3  59531.9  237.916      -0.2345
2024-08-18 21:52:00+00:00  59531.9  59597.8  59531.9  59533.0  146.611       0.2582
2024-08-18 21:53:00+00:00  59533.0  59541.7  59528.8  59537.1   26.786      -0.0451
2024-08-18 21:54:00+00:00  59537.0  59544.8  59528.9  59544.8   14.435       0.5708
2024-08-18 21:55:00+00:00  59544.7  59546.4  59477.1  59477.2   63.734      -0.5145
2024-08-18 21:56:00+00:00  59477.2  59479.1  59476.2  59476.2   33.513      -0.0987
2024-08-18 21:57:00+00:00  59476.2  59476.2  59300.0  59334.9  643.300      -0.5575
2024-08-18 21:58:00+00:00  59334.9  59399.2  59333.5  59353.2  152.059       0.4279
2024-08-18 21:59:00+00:00  59353.3  59425.8  59353.3  59392.0   81.258       0.3119
2024-08-18 22:00:00+00:00  59392.1  59412.6  59374.6  59412.6   60.344       0.1341
2024-08-18 22:01:00+00:00  59412.6  59437.3  59376.6  59396.1  116.271       0.0460
2024-08-18 22:02:00+00:00  59396.0  59479.6  59396.0  59445.5  128.867       0.6573
2024-08-18 22:03:00+00:00  59445.4  59518.9  59445.4  59493.2  104.752       0.2944
2024-08-18 22:04:00+00:00  59493.2  59527.0  59484.9  59504.6   81.101       0.0124
2024-08-18 22:05:00+00:00  59504.6  59508.8  59442.9  59461.1   62.180      -0.2532
2024-08-18 22:06:00+00:00  59461.0  59479.8  59444.6  59470.1   82.012       0.1588
2024-08-18 22:07:00+00:00  59470.0  59482.5  59451.0  59464.2   34.184      -0.2426
2024-08-18 22:08:00+00:00  59465.0  59479.7  59431.6  59431.6   37.727      -0.0028
2024-08-18 22:09:00+00:00  59431.6  59443.0  59389.8  59396.9   96.463      -0.6356
2024-08-18 22:10:00+00:00  59396.9  59451.3  59396.9  59428.5   53.837       0.4437
2024-08-18 22:11:00+00:00  59428.5  59428.5  59400.0  59407.0   25.948       0.0964
2024-08-18 22:12:00+00:00  59406.8  59420.0  59405.1  59420.0   17.703       0.2946
2024-08-18 22:13:00+00:00  59420.0  59453.8  59419.9  59448.4   24.128       0.1816
2024-08-18 22:14:00+00:00  59448.5  59455.5  59421.7  59426.4   28.866      -0.1058
2024-08-18 22:15:00+00:00  59427.0  59456.0  59420.0  59456.0   25.554       0.5467
2024-08-18 22:16:00+00:00  59455.9  59480.0  59432.9  59432.9   47.193       0.0303
2024-08-18 22:17:00+00:00  59432.9  59443.5  59410.2  59431.9   66.862      -0.1923
2024-08-18 22:18:00+00:00  59432.0  59441.1  59393.9  59401.3   40.303      -0.5865
2024-08-18 22:19:00+00:00  59401.3  59423.8  59381.8  59422.8   53.420       0.2082
2024-08-18 22:20:00+00:00  59422.9  59450.0  59422.8  59449.2   26.024       0.1728
2024-08-18 22:21:00+00:00  59449.3  59504.7  59437.3  59492.1   56.988       0.3715
2024-08-18 22:22:00+00:00  59492.1  59556.0  59492.1  59505.1  163.809       0.6775
2024-08-18 22:23:00+00:00  59505.1  59505.1  59469.4  59495.6  102.653      -0.2228
2024-08-18 22:24:00+00:00  59495.7  59505.0  59442.2  59474.0  128.833      -0.4746
2024-08-18 22:25:00+00:00  59474.0  59474.0  59418.7  59420.0  146.003      -0.7953