TRADE BTCUSDT 2024-08-16 13:21:00+00:00
side: -1
source_level: 58656.2
entry: 58530.3
entry_fill: 58523.5
stop: 58908.6
target: 58058.1
net_r: 0.9297455720195529
holding_minutes: 32.0
interaction_time_ns: 1723814400000000000
acceptance: 0.0
return_depth: 0.7895352724841277
return_activity: 0.2678990513348641

CONTEXT 15m
                              open     high      low    close     volume  delta_share
ts                                                                                   
2024-08-16 05:30:00+00:00  58172.1  58264.8  58078.9  58142.6    993.851      -0.1216
2024-08-16 05:45:00+00:00  58142.6  58258.7  58133.7  58212.8    784.694       0.1452
2024-08-16 06:00:00+00:00  58212.8  58256.2  58153.3  58157.3    854.394      -0.1528
2024-08-16 06:15:00+00:00  58157.2  58299.0  58024.6  58243.7   1977.378       0.0860
2024-08-16 06:30:00+00:00  58243.7  58380.3  58177.4  58282.1   1801.608       0.1716
2024-08-16 06:45:00+00:00  58282.0  58450.0  58282.0  58371.1   2292.061       0.0923
2024-08-16 07:00:00+00:00  58371.0  58619.9  58371.0  58495.1   3463.462       0.0293
2024-08-16 07:15:00+00:00  58495.1  58523.9  58356.1  58364.1   1612.369      -0.2687
2024-08-16 07:30:00+00:00  58364.2  58437.9  58279.3  58362.1   1657.484      -0.1597
2024-08-16 07:45:00+00:00  58362.1  58485.1  58321.5  58483.8   1186.283      -0.0065
2024-08-16 08:00:00+00:00  58483.8  58485.8  58367.9  58423.4   1210.471      -0.2678
2024-08-16 08:15:00+00:00  58423.4  58578.0  58420.3  58482.9   1910.373       0.0752
2024-08-16 08:30:00+00:00  58482.8  58518.0  58338.1  58378.0   1294.231      -0.3630
2024-08-16 08:45:00+00:00  58378.1  58450.0  58284.0  58430.1   1335.407      -0.1266
2024-08-16 09:00:00+00:00  58430.1  58450.0  58316.6  58326.2    786.014      -0.1178
2024-08-16 09:15:00+00:00  58326.3  58399.6  58227.6  58397.1   2577.413       0.1814
2024-08-16 09:30:00+00:00  58397.1  58565.8  58397.1  58480.0   3006.005       0.2629
2024-08-16 09:45:00+00:00  58480.0  58550.0  58430.0  58528.2   1392.898       0.0190
2024-08-16 10:00:00+00:00  58528.3  58656.2  58500.3  58645.1   1994.293       0.1792
2024-08-16 10:15:00+00:00  58645.1  58645.1  58303.3  58359.9   2305.537      -0.1882
2024-08-16 10:30:00+00:00  58360.0  58466.0  58268.5  58341.0   1730.254      -0.0981
2024-08-16 10:45:00+00:00  58341.1  58424.0  58289.3  58390.0    995.391       0.0214
2024-08-16 11:00:00+00:00  58390.0  58428.0  58348.8  58405.7    635.952       0.0342
2024-08-16 11:15:00+00:00  58405.8  58413.9  58175.9  58316.0   1958.776      -0.1370
2024-08-16 11:30:00+00:00  58316.0  58600.0  58298.8  58450.9   3028.150      -0.0313
2024-08-16 11:45:00+00:00  58450.8  58488.3  58307.7  58313.4   1306.486      -0.0785
2024-08-16 12:00:00+00:00  58313.9  58443.6  58213.0  58369.3   1841.077       0.0525
2024-08-16 12:15:00+00:00  58369.4  58484.0  58222.4  58242.8   1950.256      -0.1330
2024-08-16 12:30:00+00:00  58242.8  58295.0  58000.7  58097.6   5582.042      -0.0596
2024-08-16 12:45:00+00:00  58097.5  58097.6  57500.0  57700.0  11627.463      -0.0954
2024-08-16 13:00:00+00:00  57700.0  57980.9  57682.2  57844.3   4384.287       0.0984
2024-08-16 13:15:00+00:00  57844.4  58092.5  57762.9  58074.3   3981.891       0.0019
2024-08-16 13:30:00+00:00  58074.3  58908.5  58058.0  58530.3  10210.633       0.1659

RESPONSE 1m
                              open     high      low    close    volume  delta_share
ts                                                                                  
2024-08-16 13:02:00+00:00  57768.1  57883.2  57762.9  57882.0   186.547       0.1288
2024-08-16 13:03:00+00:00  57881.9  57911.4  57873.8  57881.2   198.167       0.2446
2024-08-16 13:04:00+00:00  57881.2  57997.0  57874.0  57993.0   272.892       0.3462
2024-08-16 13:05:00+00:00  57992.9  58043.3  57939.7  57952.0   626.538       0.0152
2024-08-16 13:06:00+00:00  57951.6  57991.8  57937.1  57985.2   197.153       0.2065
2024-08-16 13:07:00+00:00  57985.2  58050.1  57980.9  58013.5   562.071       0.1204
2024-08-16 13:08:00+00:00  58013.4  58092.5  57991.5  58075.9   380.586       0.3386
2024-08-16 13:09:00+00:00  58076.0  58081.9  57983.9  57983.9   259.578      -0.4053
2024-08-16 13:10:00+00:00  57983.9  58013.1  57974.0  58000.2   158.620       0.1049
2024-08-16 13:11:00+00:00  58000.2  58012.5  57983.1  57985.2    67.170      -0.2893
2024-08-16 13:12:00+00:00  57985.2  57993.0  57923.7  57926.6   172.528      -0.4753
2024-08-16 13:13:00+00:00  57926.7  57968.3  57870.0  57960.0   273.384      -0.3183
2024-08-16 13:14:00+00:00  57960.0  58036.0  57922.8  58035.9   115.138       0.3467
2024-08-16 13:15:00+00:00  58035.9  58080.0  58010.2  58074.3   177.581       0.1720
2024-08-16 13:16:00+00:00  58074.3  58298.9  58058.0  58251.1  1299.812       0.3769
2024-08-16 13:17:00+00:00  58250.8  58852.5  58239.4  58852.1  3551.546       0.5099
2024-08-16 13:18:00+00:00  58852.1  58908.5  58660.4  58687.0  2323.024      -0.0626
2024-08-16 13:19:00+00:00  58686.9  58780.2  58606.0  58618.4  1581.241      -0.1423
2024-08-16 13:20:00+00:00  58618.4  58655.7  58545.0  58619.9   863.954      -0.0934
2024-08-16 13:21:00+00:00  58619.8  58637.0  58528.1  58530.3   591.056      -0.2633
2024-08-16 13:22:00+00:00  58530.3  58595.9  58528.3  58595.8   343.040       0.0743
2024-08-16 13:23:00+00:00  58595.8  58620.0  58539.9  58558.5   337.152       0.1112
2024-08-16 13:24:00+00:00  58558.6  58569.5  58475.3  58498.0   461.833      -0.3719
2024-08-16 13:25:00+00:00  58498.0  58499.8  58431.0  58466.5   434.784      -0.1314
2024-08-16 13:26:00+00:00  58466.4  58575.9  58455.3  58535.3   365.661       0.3383
2024-08-16 13:27:00+00:00  58535.3  58584.5  58521.4  58530.9   288.505       0.3100
2024-08-16 13:28:00+00:00  58530.8  58530.9  58412.0  58462.0   303.182      -0.2195
2024-08-16 13:29:00+00:00  58462.9  58488.7  58405.2  58470.0   257.275      -0.2967
2024-08-16 13:30:00+00:00  58470.1  58519.1  58419.1  58519.1  1036.133      -0.1528
2024-08-16 13:31:00+00:00  58519.0  58548.0  58381.5  58381.6   689.941      -0.3060
2024-08-16 13:32:00+00:00  58381.6  58508.6  58357.3  58421.1   524.317      -0.1052
2024-08-16 13:33:00+00:00  58421.7  58457.9  58360.0  58417.6   328.514      -0.3955
2024-08-16 13:34:00+00:00  58417.4  58482.1  58414.3  58479.1   154.534      -0.0930
2024-08-16 13:35:00+00:00  58479.1  58784.2  58457.4  58747.9  1213.517       0.4748
2024-08-16 13:36:00+00:00  58748.0  58785.5  58606.5  58606.6   646.249      -0.0843
2024-08-16 13:37:00+00:00  58606.5  58650.5  58546.8  58555.9   354.330      -0.2768
2024-08-16 13:38:00+00:00  58555.9  58640.0  58515.0  58640.0   393.508       0.0807
2024-08-16 13:39:00+00:00  58639.9  58670.0  58600.0  58620.0   252.667       0.2821
2024-08-16 13:40:00+00:00  58620.1  58663.8  58460.5  58482.8   732.506      -0.3905
2024-08-16 13:41:00+00:00  58482.8  58566.6  58464.0  58499.9   481.997      -0.0943