TRADE BTCUSDT 2024-08-16 01:38:00+00:00
side: -1
source_level: 57326.5
entry: 57240.5
entry_fill: 57230.6
stop: 57372.0
target: 57062.2
net_r: -0.972148210543109
holding_minutes: 18.0
interaction_time_ns: 1723771200000000000
acceptance: 1.0
return_depth: 0.674735249621787
return_activity: 0.7059412957256734

CONTEXT 15m
                              open     high      low    close     volume  delta_share
ts                                                                                   
2024-08-15 17:45:00+00:00  59330.0  59440.0  59329.9  59361.3   1152.377       0.1522
2024-08-15 18:00:00+00:00  59361.3  59400.0  58735.8  58840.6   5848.015      -0.2252
2024-08-15 18:15:00+00:00  58840.7  58845.9  57833.0  57873.3  21312.874      -0.0922
2024-08-15 18:30:00+00:00  57873.4  58047.5  57474.2  57822.7  14220.291      -0.0556
2024-08-15 18:45:00+00:00  57822.7  57954.4  57529.2  57942.6   6566.989       0.0392
2024-08-15 19:00:00+00:00  57942.6  57942.6  57701.4  57831.9   3470.576      -0.0973
2024-08-15 19:15:00+00:00  57831.9  57925.0  57000.0  57173.1  15392.616      -0.2423
2024-08-15 19:30:00+00:00  57173.2  57398.2  56795.9  56926.5   8857.329      -0.1030
2024-08-15 19:45:00+00:00  56926.4  57134.9  56633.0  56896.3   9480.123       0.0509
2024-08-15 20:00:00+00:00  56896.3  57235.0  56804.1  57002.4   7614.722       0.1174
2024-08-15 20:15:00+00:00  57002.5  57090.3  56720.3  57041.7   6537.537      -0.0188
2024-08-15 20:30:00+00:00  57041.7  57042.0  56735.0  56853.0   3791.004      -0.0973
2024-08-15 20:45:00+00:00  56853.0  56899.7  56701.8  56814.1   2265.131      -0.0582
2024-08-15 21:00:00+00:00  56814.0  56880.1  55969.0  56634.9  13341.534      -0.1821
2024-08-15 21:15:00+00:00  56634.9  57024.7  56571.3  56921.4   7179.090       0.1787
2024-08-15 21:30:00+00:00  56921.4  57076.6  56713.6  57032.4   4031.600       0.2441
2024-08-15 21:45:00+00:00  57032.4  57348.0  56914.2  57121.7   5155.958       0.2122
2024-08-15 22:00:00+00:00  57121.6  57599.0  57120.0  57582.9   4095.980       0.2587
2024-08-15 22:15:00+00:00  57583.0  57600.2  57342.0  57483.3   3775.911      -0.0574
2024-08-15 22:30:00+00:00  57483.2  57672.6  57437.5  57652.0   2586.597       0.0428
2024-08-15 22:45:00+00:00  57652.0  57850.0  57594.6  57694.3   3214.009      -0.0430
2024-08-15 23:00:00+00:00  57694.3  57698.0  57485.8  57584.1   2420.366      -0.2195
2024-08-15 23:15:00+00:00  57584.0  57650.0  57447.4  57625.9   1733.393      -0.1216
2024-08-15 23:30:00+00:00  57626.0  57723.4  57546.9  57691.2   1505.290       0.0461
2024-08-15 23:45:00+00:00  57691.2  57789.0  57590.1  57600.1   2143.851      -0.0327
2024-08-16 00:00:00+00:00  57600.2  57637.5  57464.4  57511.0   1395.586      -0.0491
2024-08-16 00:15:00+00:00  57511.1  57551.6  57422.9  57463.1   2213.354       0.0545
2024-08-16 00:30:00+00:00  57463.0  57642.1  57342.9  57377.9   2305.257      -0.0609
2024-08-16 00:45:00+00:00  57377.8  57479.5  57326.5  57381.7   1414.509      -0.0617
2024-08-16 01:00:00+00:00  57381.8  57527.5  57360.0  57438.3    882.894       0.0618
2024-08-16 01:15:00+00:00  57438.3  57592.4  57330.0  57340.9   2211.887      -0.3330
2024-08-16 01:30:00+00:00  57340.8  57365.3  57062.1  57140.0   3283.616      -0.2564
2024-08-16 01:45:00+00:00  57140.0  57297.8  57126.8  57240.5    816.136       0.2870

RESPONSE 1m
                              open     high      low    close   volume  delta_share
ts                                                                                 
2024-08-16 01:19:00+00:00  57181.4  57197.0  57120.0  57132.9  359.189      -0.5185
2024-08-16 01:20:00+00:00  57132.9  57148.0  57132.9  57142.4  177.895       0.1960
2024-08-16 01:21:00+00:00  57142.3  57188.0  57115.5  57148.0  196.272       0.2232
2024-08-16 01:22:00+00:00  57147.9  57163.3  57110.0  57117.1  170.188      -0.0877
2024-08-16 01:23:00+00:00  57117.2  57193.1  57062.1  57190.1  617.180      -0.2838
2024-08-16 01:24:00+00:00  57190.1  57205.9  57179.5  57193.2  148.995       0.0288
2024-08-16 01:25:00+00:00  57193.2  57220.0  57166.5  57206.0   92.761      -0.2351
2024-08-16 01:26:00+00:00  57206.1  57231.9  57206.1  57230.0   69.628       0.1090
2024-08-16 01:27:00+00:00  57229.9  57250.0  57195.3  57243.5   92.457       0.0827
2024-08-16 01:28:00+00:00  57243.5  57248.3  57206.2  57213.1   76.848      -0.3416
2024-08-16 01:29:00+00:00  57213.1  57235.1  57206.2  57228.2   62.753       0.3696
2024-08-16 01:30:00+00:00  57228.2  57228.2  57140.0  57140.0   67.403      -0.5289
2024-08-16 01:31:00+00:00  57140.0  57199.9  57126.8  57199.9  129.592       0.3231
2024-08-16 01:32:00+00:00  57199.8  57266.1  57190.0  57266.0  129.914       0.7506
2024-08-16 01:33:00+00:00  57266.1  57266.1  57199.4  57211.8   89.250      -0.0430
2024-08-16 01:34:00+00:00  57211.8  57226.0  57170.3  57210.4  104.365       0.0316
2024-08-16 01:35:00+00:00  57210.4  57220.5  57180.0  57220.4   44.970       0.0632
2024-08-16 01:36:00+00:00  57220.4  57267.4  57196.1  57266.6   87.888       0.2338
2024-08-16 01:37:00+00:00  57266.6  57266.6  57242.7  57263.5   47.521       0.3025
2024-08-16 01:38:00+00:00  57263.5  57297.8  57226.0  57240.5  182.636       0.3154
2024-08-16 01:39:00+00:00  57240.5  57300.0  57240.4  57299.4   56.948       0.4612
2024-08-16 01:40:00+00:00  57299.9  57357.7  57250.4  57355.9  374.008       0.1122
2024-08-16 01:41:00+00:00  57355.9  57366.0  57320.9  57321.0  145.437      -0.3457
2024-08-16 01:42:00+00:00  57321.0  57340.0  57307.6  57318.3  143.013      -0.3976
2024-08-16 01:43:00+00:00  57318.4  57358.7  57312.0  57343.9   63.828       0.5680
2024-08-16 01:44:00+00:00  57344.0  57366.6  57343.9  57344.0   76.986       0.4143
2024-08-16 01:45:00+00:00  57344.0  57347.5  57328.8  57334.8   54.884      -0.1175
2024-08-16 01:46:00+00:00  57334.8  57335.1  57302.2  57328.4   55.249      -0.2658
2024-08-16 01:47:00+00:00  57328.4  57328.5  57247.2  57252.0   84.165      -0.4160
2024-08-16 01:48:00+00:00  57251.8  57251.8  57180.6  57239.6  147.779      -0.3762
2024-08-16 01:49:00+00:00  57239.5  57244.1  57201.7  57211.2   51.361       0.2689
2024-08-16 01:50:00+00:00  57211.3  57219.9  57192.0  57196.9   66.477      -0.4585
2024-08-16 01:51:00+00:00  57196.8  57251.8  57196.8  57238.0  284.039       0.7592
2024-08-16 01:52:00+00:00  57238.0  57238.0  57211.0  57218.1   53.070      -0.3904
2024-08-16 01:53:00+00:00  57218.0  57259.8  57215.2  57259.7   23.897       0.6256
2024-08-16 01:54:00+00:00  57259.7  57269.4  57240.3  57269.3   52.109       0.1826
2024-08-16 01:55:00+00:00  57269.4  57355.2  57258.6  57353.6  327.102       0.8506
2024-08-16 01:56:00+00:00  57353.6  57426.6  57336.0  57412.8  229.305       0.4589
2024-08-16 01:57:00+00:00  57412.7  57428.0  57408.6  57414.3  202.273       0.1398
2024-08-16 01:58:00+00:00  57414.2  57504.5  57414.2  57464.1  444.755       0.6261