NO_TRADE BTCUSDT 2024-08-12 18:08:00+00:00
side: 1
reason: first_response_geometry_below_one_r
event: BTCUSDT:CONTROL:1723485900000000000:1

CONTEXT 15m
                              open     high      low    close     volume  delta_share
ts                                                                                   
2024-08-12 10:15:00+00:00  58252.3  58325.0  58151.2  58226.1    837.069       0.0524
2024-08-12 10:30:00+00:00  58226.0  58606.8  58192.2  58594.1   3739.579       0.1088
2024-08-12 10:45:00+00:00  58594.2  58790.0  58504.6  58672.0   3533.284      -0.0484
2024-08-12 11:00:00+00:00  58673.4  58963.4  58668.7  58935.4   2743.878       0.0494
2024-08-12 11:15:00+00:00  58935.4  59399.6  58846.6  59287.5   9776.753       0.0917
2024-08-12 11:30:00+00:00  59287.5  59580.0  59265.0  59500.0   7380.716       0.0336
2024-08-12 11:45:00+00:00  59500.0  59852.5  59417.4  59586.1   7341.633       0.1021
2024-08-12 12:00:00+00:00  59586.1  59937.8  59586.0  59809.2   3704.944       0.0511
2024-08-12 12:15:00+00:00  59809.2  59837.8  59621.3  59629.8   3032.004      -0.2662
2024-08-12 12:30:00+00:00  59629.7  59749.6  59507.4  59738.0   3562.292       0.0975
2024-08-12 12:45:00+00:00  59738.0  59900.0  59490.0  59510.5   4428.050      -0.1970
2024-08-12 13:00:00+00:00  59510.5  59700.0  59501.9  59700.0   2694.329       0.3284
2024-08-12 13:15:00+00:00  59699.9  59850.0  59590.8  59689.0   2546.759       0.0187
2024-08-12 13:30:00+00:00  59689.0  59689.1  59455.6  59505.0   2180.586      -0.3073
2024-08-12 13:45:00+00:00  59504.9  59649.9  58712.0  58780.3  13040.319      -0.0739
2024-08-12 14:00:00+00:00  58780.4  58861.7  57930.0  58133.7  16408.785      -0.0956
2024-08-12 14:15:00+00:00  58133.7  59465.7  57774.0  59314.1  21576.751       0.0768
2024-08-12 14:30:00+00:00  59314.0  59759.0  59060.1  59558.0  13653.663       0.0167
2024-08-12 14:45:00+00:00  59557.3  60666.0  59359.7  60200.1  20386.697       0.0015
2024-08-12 15:00:00+00:00  60200.1  60374.8  60025.0  60265.3   6712.903       0.1209
2024-08-12 15:15:00+00:00  60265.2  60480.0  60013.0  60108.1   5651.604      -0.0397
2024-08-12 15:30:00+00:00  60108.1  60358.6  59185.0  59620.0  13758.911      -0.1117
2024-08-12 15:45:00+00:00  59620.0  60003.4  59300.0  59918.6   8544.849       0.1121
2024-08-12 16:00:00+00:00  59920.0  60178.8  59683.4  60171.2   5804.930       0.0569
2024-08-12 16:15:00+00:00  60171.3  60390.8  59922.2  59927.2   6083.867      -0.0493
2024-08-12 16:30:00+00:00  59927.3  59950.0  59621.5  59776.9   4893.913       0.0479
2024-08-12 16:45:00+00:00  59776.9  59976.2  59634.5  59785.9   3482.729       0.0551
2024-08-12 17:00:00+00:00  59786.0  59917.6  59527.0  59581.7   2772.013      -0.1436
2024-08-12 17:15:00+00:00  59581.7  59761.4  59478.0  59706.3   2457.527       0.1546
2024-08-12 17:30:00+00:00  59706.3  59894.1  59506.1  59591.1   2055.609      -0.0031
2024-08-12 17:45:00+00:00  59591.0  59750.0  59562.8  59581.9   1103.021      -0.0446
2024-08-12 18:00:00+00:00  59581.8  59644.7  59230.0  59276.9   4245.515      -0.0874
2024-08-12 18:15:00+00:00  59276.9  59314.4  59122.2  59284.0   1772.661      -0.1291

RESPONSE 1m
                              open     high      low    close    volume  delta_share
ts                                                                                  
2024-08-12 17:49:00+00:00  59568.6  59595.9  59553.8  59588.2    62.177       0.1969
2024-08-12 17:50:00+00:00  59588.2  59613.4  59438.4  59463.5   210.475      -0.1553
2024-08-12 17:51:00+00:00  59463.0  59463.3  59308.3  59348.3  1004.286      -0.3816
2024-08-12 17:52:00+00:00  59348.3  59363.3  59315.0  59325.6   276.608      -0.1195
2024-08-12 17:53:00+00:00  59325.6  59344.9  59250.0  59292.9   970.395      -0.2648
2024-08-12 17:54:00+00:00  59292.9  59352.1  59267.5  59352.1   353.024       0.3932
2024-08-12 17:55:00+00:00  59352.8  59394.1  59292.3  59292.3   241.444       0.1332
2024-08-12 17:56:00+00:00  59292.3  59354.6  59292.3  59334.0   190.447       0.3674
2024-08-12 17:57:00+00:00  59334.0  59340.0  59275.0  59318.8   119.168       0.0404
2024-08-12 17:58:00+00:00  59319.0  59331.8  59230.0  59309.9   233.021       0.0955
2024-08-12 17:59:00+00:00  59309.9  59340.0  59288.0  59333.9    98.098       0.0378
2024-08-12 18:00:00+00:00  59333.9  59334.8  59261.6  59276.9    84.730       0.1910
2024-08-12 18:01:00+00:00  59276.9  59312.1  59222.7  59231.0   191.796      -0.2743
2024-08-12 18:02:00+00:00  59231.0  59273.4  59122.2  59273.3   721.304      -0.2962
2024-08-12 18:03:00+00:00  59273.4  59310.0  59259.6  59285.9   208.135       0.2369
2024-08-12 18:04:00+00:00  59286.0  59295.0  59181.7  59240.0   239.921      -0.2010
2024-08-12 18:05:00+00:00  59240.0  59299.9  59239.9  59284.4    82.944       0.3827
2024-08-12 18:06:00+00:00  59284.4  59314.4  59227.0  59227.1   107.824       0.1702
2024-08-12 18:07:00+00:00  59227.0  59263.8  59201.3  59230.5   128.501      -0.2444
2024-08-12 18:08:00+00:00  59231.2  59294.6  59213.0  59284.0    92.236       0.1904
2024-08-12 18:09:00+00:00  59284.1  59334.2  59274.5  59315.7   126.331       0.3726
2024-08-12 18:10:00+00:00  59315.7  59322.0  59279.0  59322.0   102.887       0.1946
2024-08-12 18:11:00+00:00  59322.2  59349.5  59292.3  59346.4    88.355       0.2495
2024-08-12 18:12:00+00:00  59346.3  59382.7  59290.0  59303.7   241.931       0.4850
2024-08-12 18:13:00+00:00  59303.8  59333.7  59270.3  59329.8    65.939       0.1317
2024-08-12 18:14:00+00:00  59329.7  59455.2  59329.7  59430.8   303.098       0.3423
2024-08-12 18:15:00+00:00  59430.7  59463.6  59407.2  59445.3   188.764       0.4563
2024-08-12 18:16:00+00:00  59445.3  59470.0  59400.0  59400.0   176.476      -0.0668
2024-08-12 18:17:00+00:00  59400.0  59450.0  59380.7  59395.9   121.137       0.0734
2024-08-12 18:18:00+00:00  59395.9  59398.5  59265.9  59294.2   346.411      -0.4904
2024-08-12 18:19:00+00:00  59294.3  59300.0  59243.9  59261.3   183.927      -0.1124
2024-08-12 18:20:00+00:00  59261.4  59265.6  59207.7  59250.3   152.126       0.0394
2024-08-12 18:21:00+00:00  59250.3  59307.2  59203.7  59271.6    91.169       0.2483
2024-08-12 18:22:00+00:00  59271.6  59300.0  59237.6  59237.8   124.334      -0.3146
2024-08-12 18:23:00+00:00  59237.8  59247.8  59204.9  59209.1    97.187       0.0023
2024-08-12 18:24:00+00:00  59209.1  59266.8  59175.9  59245.0   109.917      -0.0395
2024-08-12 18:25:00+00:00  59245.0  59249.9  59153.6  59153.7   106.543      -0.3637
2024-08-12 18:26:00+00:00  59153.6  59214.2  59142.7  59194.6   137.647       0.1699
2024-08-12 18:27:00+00:00  59194.5  59236.6  59130.4  59166.0   172.095      -0.2016
2024-08-12 18:28:00+00:00  59166.1  59184.5  59147.4  59152.0   115.617       0.1407