TRADE BTCUSDT 2024-08-16 03:45:00+00:00
side: 1
source_level: 57850.0
entry: 57895.6
entry_fill: 57904.0
stop: 57488.5
target: 58494.799999999996
net_r: 1.1288230278330538
holding_minutes: 184.0
interaction_time_ns: 1723775700000000000
acceptance: 1.0
return_depth: 0.9292913630020174
return_activity: 0.4028073985608433

CONTEXT 15m
                              open     high      low    close     volume  delta_share
ts                                                                                   
2024-08-15 20:00:00+00:00  56896.3  57235.0  56804.1  57002.4   7614.722       0.1174
2024-08-15 20:15:00+00:00  57002.5  57090.3  56720.3  57041.7   6537.537      -0.0188
2024-08-15 20:30:00+00:00  57041.7  57042.0  56735.0  56853.0   3791.004      -0.0973
2024-08-15 20:45:00+00:00  56853.0  56899.7  56701.8  56814.1   2265.131      -0.0582
2024-08-15 21:00:00+00:00  56814.0  56880.1  55969.0  56634.9  13341.534      -0.1821
2024-08-15 21:15:00+00:00  56634.9  57024.7  56571.3  56921.4   7179.090       0.1787
2024-08-15 21:30:00+00:00  56921.4  57076.6  56713.6  57032.4   4031.600       0.2441
2024-08-15 21:45:00+00:00  57032.4  57348.0  56914.2  57121.7   5155.958       0.2122
2024-08-15 22:00:00+00:00  57121.6  57599.0  57120.0  57582.9   4095.980       0.2587
2024-08-15 22:15:00+00:00  57583.0  57600.2  57342.0  57483.3   3775.911      -0.0574
2024-08-15 22:30:00+00:00  57483.2  57672.6  57437.5  57652.0   2586.597       0.0428
2024-08-15 22:45:00+00:00  57652.0  57850.0  57594.6  57694.3   3214.009      -0.0430
2024-08-15 23:00:00+00:00  57694.3  57698.0  57485.8  57584.1   2420.366      -0.2195
2024-08-15 23:15:00+00:00  57584.0  57650.0  57447.4  57625.9   1733.393      -0.1216
2024-08-15 23:30:00+00:00  57626.0  57723.4  57546.9  57691.2   1505.290       0.0461
2024-08-15 23:45:00+00:00  57691.2  57789.0  57590.1  57600.1   2143.851      -0.0327
2024-08-16 00:00:00+00:00  57600.2  57637.5  57464.4  57511.0   1395.586      -0.0491
2024-08-16 00:15:00+00:00  57511.1  57551.6  57422.9  57463.1   2213.354       0.0545
2024-08-16 00:30:00+00:00  57463.0  57642.1  57342.9  57377.9   2305.257      -0.0609
2024-08-16 00:45:00+00:00  57377.8  57479.5  57326.5  57381.7   1414.509      -0.0617
2024-08-16 01:00:00+00:00  57381.8  57527.5  57360.0  57438.3    882.894       0.0618
2024-08-16 01:15:00+00:00  57438.3  57592.4  57330.0  57340.9   2211.887      -0.3330
2024-08-16 01:30:00+00:00  57340.8  57365.3  57062.1  57140.0   3283.616      -0.2564
2024-08-16 01:45:00+00:00  57140.0  57366.6  57126.8  57334.8   1731.240       0.1485
2024-08-16 02:00:00+00:00  57334.8  57518.4  57180.6  57515.3   2379.475       0.3187
2024-08-16 02:15:00+00:00  57515.3  57566.2  57295.3  57381.3   1564.489      -0.1605
2024-08-16 02:30:00+00:00  57381.3  57799.1  57322.2  57737.4   3448.136       0.3720
2024-08-16 02:45:00+00:00  57737.2  58494.9  57717.2  58107.9  11593.278       0.1605
2024-08-16 03:00:00+00:00  58108.0  58176.0  57958.1  58168.5   2018.866      -0.0250
2024-08-16 03:15:00+00:00  58168.4  58180.0  58048.0  58082.5   1794.897      -0.1932
2024-08-16 03:30:00+00:00  58082.5  58188.0  57967.0  58067.9   2461.185      -0.0996
2024-08-16 03:45:00+00:00  58068.0  58068.0  57875.6  57895.6   1577.747      -0.2198

RESPONSE 1m
                              open     high      low    close   volume  delta_share
ts                                                                                 
2024-08-16 03:26:00+00:00  58027.9  58027.9  57975.1  57975.2  154.740      -0.5330
2024-08-16 03:27:00+00:00  57975.2  58010.0  57967.0  57985.9  143.787      -0.2374
2024-08-16 03:28:00+00:00  57986.0  58025.0  57986.0  58006.9  143.151      -0.0422
2024-08-16 03:29:00+00:00  58006.9  58080.5  58006.8  58072.0  121.586       0.2110
2024-08-16 03:30:00+00:00  58071.9  58073.4  58055.7  58067.9   79.015      -0.1000
2024-08-16 03:31:00+00:00  58068.0  58068.0  58025.9  58027.7   66.080      -0.5903
2024-08-16 03:32:00+00:00  58027.8  58055.6  58017.7  58022.2   55.506      -0.0690
2024-08-16 03:33:00+00:00  58022.2  58030.4  57976.0  57986.3   93.919      -0.5036
2024-08-16 03:34:00+00:00  57986.2  58006.3  57976.3  57992.6   82.788      -0.0104
2024-08-16 03:35:00+00:00  57992.5  58014.5  57972.2  58002.0   89.642       0.1449
2024-08-16 03:36:00+00:00  58002.0  58005.2  57962.6  57992.0   53.512      -0.2195
2024-08-16 03:37:00+00:00  57993.1  57993.1  57934.3  57964.0  155.408      -0.3368
2024-08-16 03:38:00+00:00  57964.1  57972.0  57940.0  57945.8   51.084      -0.0636
2024-08-16 03:39:00+00:00  57945.9  57945.9  57915.2  57929.9  125.744      -0.1998
2024-08-16 03:40:00+00:00  57930.0  57946.0  57879.0  57886.5  365.430      -0.4917
2024-08-16 03:41:00+00:00  57886.6  57935.2  57886.5  57926.9   91.961       0.2320
2024-08-16 03:42:00+00:00  57927.0  57930.0  57875.6  57883.2   83.538      -0.5886
2024-08-16 03:43:00+00:00  57883.2  57900.0  57877.9  57894.0   84.693      -0.0362
2024-08-16 03:44:00+00:00  57893.9  57894.0  57876.3  57888.1   47.099      -0.3506
2024-08-16 03:45:00+00:00  57888.1  57927.2  57888.1  57895.6  131.343       0.3860
2024-08-16 03:46:00+00:00  57894.2  57894.2  57855.0  57874.0  185.820      -0.1516
2024-08-16 03:47:00+00:00  57874.1  57891.1  57872.0  57876.0   73.750       0.0926
2024-08-16 03:48:00+00:00  57876.1  57876.1  57821.2  57860.4  197.980      -0.2615
2024-08-16 03:49:00+00:00  57860.4  57860.5  57770.0  57845.7  549.189      -0.4292
2024-08-16 03:50:00+00:00  57845.7  57857.1  57830.0  57857.1   91.813       0.0681
2024-08-16 03:51:00+00:00  57857.1  57878.5  57845.0  57858.1   72.570       0.3508
2024-08-16 03:52:00+00:00  57858.8  57872.8  57845.2  57867.9   41.803       0.3802
2024-08-16 03:53:00+00:00  57868.0  57877.3  57838.0  57855.0   55.153       0.0644
2024-08-16 03:54:00+00:00  57855.0  57855.0  57828.1  57840.4   32.408      -0.0116
2024-08-16 03:55:00+00:00  57840.3  57840.3  57770.1  57775.9  151.409      -0.7641
2024-08-16 03:56:00+00:00  57775.9  57809.1  57774.1  57809.1   66.136       0.1429
2024-08-16 03:57:00+00:00  57809.1  57824.1  57809.1  57819.1   45.377       0.4664
2024-08-16 03:58:00+00:00  57819.1  57836.0  57799.9  57836.0   64.392       0.0540
2024-08-16 03:59:00+00:00  57836.0  57851.7  57831.6  57851.5   56.945       0.1422
2024-08-16 04:00:00+00:00  57851.4  57861.9  57847.9  57858.1   43.312       0.2793
2024-08-16 04:01:00+00:00  57858.1  57859.5  57820.0  57820.0   61.955       0.0103
2024-08-16 04:02:00+00:00  57820.1  57832.4  57771.1  57799.1  193.230      -0.3295
2024-08-16 04:03:00+00:00  57799.0  57864.0  57794.0  57864.0  151.832       0.4306
2024-08-16 04:04:00+00:00  57864.1  57875.0  57859.5  57875.0   70.042       0.3324
2024-08-16 04:05:00+00:00  57875.0  57902.0  57874.9  57902.0  150.718       0.5689