TRADE BTCUSDT 2024-08-12 06:45:00+00:00
side: 1
source_level: 58300.0
entry: 58310.899999999994
entry_fill: 58321.100000000006
stop: 58232.9
target: 58545.1
net_r: -0.9696570065000001
holding_minutes: 5.0
interaction_time_ns: 1723444500000000000
acceptance: 0.0
return_depth: 0.9555464926590771
return_activity: 0.5156907356882463

CONTEXT 15m
                              open     high      low    close    volume  delta_share
ts                                                                                  
2024-08-11 23:00:00+00:00  58833.9  59125.0  58818.3  58961.0  2201.103      -0.0522
2024-08-11 23:15:00+00:00  58960.9  58961.0  58681.2  58726.1  1718.967      -0.1318
2024-08-11 23:30:00+00:00  58726.1  58970.4  58694.1  58920.0  1229.935       0.1244
2024-08-11 23:45:00+00:00  58920.0  58995.5  58784.5  58792.9  1140.286      -0.1057
2024-08-12 00:00:00+00:00  58792.9  58848.8  58672.0  58693.1  1236.462      -0.1158
2024-08-12 00:15:00+00:00  58693.1  58874.5  58609.6  58855.9  2274.506       0.1415
2024-08-12 00:30:00+00:00  58855.9  59055.0  58612.0  58626.7  2780.663      -0.1071
2024-08-12 00:45:00+00:00  58626.8  58633.1  58078.8  58319.2  7640.054      -0.0765
2024-08-12 01:00:00+00:00  58319.2  58697.3  58311.7  58433.5  3252.613       0.1478
2024-08-12 01:15:00+00:00  58433.4  58654.7  58251.8  58585.7  2545.514       0.0768
2024-08-12 01:30:00+00:00  58585.7  58777.0  58476.6  58482.0  2304.217      -0.0633
2024-08-12 01:45:00+00:00  58482.0  58648.8  58262.8  58576.8  2356.522       0.1886
2024-08-12 02:00:00+00:00  58576.8  58683.1  58459.4  58564.1  1286.912      -0.0812
2024-08-12 02:15:00+00:00  58564.1  58617.3  58336.7  58594.4  1531.740       0.0523
2024-08-12 02:30:00+00:00  58594.4  58634.0  58388.0  58440.6  1007.628      -0.0703
2024-08-12 02:45:00+00:00  58440.7  58470.9  58300.0  58385.7  1199.573      -0.0557
2024-08-12 03:00:00+00:00  58385.6  58733.0  58325.4  58691.8  1855.432       0.1015
2024-08-12 03:15:00+00:00  58691.8  58800.0  58468.8  58483.1  1703.835      -0.0984
2024-08-12 03:30:00+00:00  58483.1  58638.0  58410.2  58599.0   935.387       0.0524
2024-08-12 03:45:00+00:00  58599.0  58691.3  58469.0  58500.0  1027.891      -0.1086
2024-08-12 04:00:00+00:00  58500.1  58586.8  58465.6  58488.6   573.337       0.0073
2024-08-12 04:15:00+00:00  58488.6  58597.2  58388.0  58405.0   892.853       0.0134
2024-08-12 04:30:00+00:00  58405.0  58512.6  58340.0  58488.9  1053.275       0.0989
2024-08-12 04:45:00+00:00  58488.9  58619.9  58437.6  58593.2   749.172       0.1690
2024-08-12 05:00:00+00:00  58593.3  58655.6  58490.0  58494.7   776.391      -0.0343
2024-08-12 05:15:00+00:00  58494.8  58593.2  58493.0  58564.7   708.239       0.0754
2024-08-12 05:30:00+00:00  58564.7  58618.0  58457.5  58592.2   641.334      -0.0524
2024-08-12 05:45:00+00:00  58593.4  58673.0  58450.0  58450.0  1366.823      -0.1586
2024-08-12 06:00:00+00:00  58450.1  58585.4  58375.2  58549.4  1155.918       0.1448
2024-08-12 06:15:00+00:00  58549.4  58616.5  58401.0  58452.4   923.924       0.0110
2024-08-12 06:30:00+00:00  58452.4  58476.7  58337.8  58476.6  1192.802      -0.0349
2024-08-12 06:45:00+00:00  58476.6  58545.2  58233.0  58310.9  2017.116      -0.1720

RESPONSE 1m
                              open     high      low    close   volume  delta_share
ts                                                                                 
2024-08-12 06:26:00+00:00  58437.3  58452.0  58428.1  58433.4   27.257       0.1455
2024-08-12 06:27:00+00:00  58433.4  58433.5  58388.2  58419.9   48.319      -0.0209
2024-08-12 06:28:00+00:00  58419.9  58420.0  58404.7  58412.4   25.308       0.1282
2024-08-12 06:29:00+00:00  58412.4  58455.2  58412.4  58455.2   39.777       0.5919
2024-08-12 06:30:00+00:00  58455.1  58476.7  58455.1  58476.6   47.842       0.3872
2024-08-12 06:31:00+00:00  58476.6  58518.6  58463.3  58516.0   83.314       0.1699
2024-08-12 06:32:00+00:00  58515.9  58545.2  58433.3  58433.3  128.740      -0.0941
2024-08-12 06:33:00+00:00  58433.4  58433.4  58333.0  58345.8  147.376      -0.4954
2024-08-12 06:34:00+00:00  58345.8  58350.6  58233.0  58312.7  561.724      -0.4983
2024-08-12 06:35:00+00:00  58312.8  58375.7  58293.5  58371.9  130.677       0.1769
2024-08-12 06:36:00+00:00  58371.5  58381.4  58325.2  58327.5   76.193      -0.2807
2024-08-12 06:37:00+00:00  58327.5  58382.0  58327.5  58361.8   70.679       0.4000
2024-08-12 06:38:00+00:00  58361.7  58369.7  58334.8  58349.2   69.568      -0.3015
2024-08-12 06:39:00+00:00  58349.2  58354.1  58280.4  58287.0   97.495      -0.5215
2024-08-12 06:40:00+00:00  58287.0  58330.0  58286.9  58327.0   73.923       0.3601
2024-08-12 06:41:00+00:00  58326.9  58326.9  58293.8  58293.9   59.487      -0.3755
2024-08-12 06:42:00+00:00  58293.8  58310.2  58280.0  58285.1  115.685      -0.1380
2024-08-12 06:43:00+00:00  58285.1  58286.1  58238.6  58248.6   93.862      -0.3542
2024-08-12 06:44:00+00:00  58248.7  58273.9  58238.4  58258.5  163.631       0.0135
2024-08-12 06:45:00+00:00  58258.4  58325.7  58258.4  58310.9  144.762       0.6116
2024-08-12 06:46:00+00:00  58310.9  58349.6  58268.5  58275.0   89.433       0.1739
2024-08-12 06:47:00+00:00  58275.0  58321.4  58254.0  58278.2  100.381      -0.1669
2024-08-12 06:48:00+00:00  58278.2  58300.0  58264.6  58298.0   54.333       0.2839
2024-08-12 06:49:00+00:00  58296.9  58296.9  58250.0  58250.0   40.271      -0.3060
2024-08-12 06:50:00+00:00  58250.0  58276.5  58229.0  58229.0  121.579       0.0358
2024-08-12 06:51:00+00:00  58229.1  58295.0  58225.0  58289.7  102.134       0.1237
2024-08-12 06:52:00+00:00  58289.7  58296.0  58222.0  58229.0  209.617      -0.2945
2024-08-12 06:53:00+00:00  58229.0  58229.1  58112.0  58143.5  829.343      -0.2211
2024-08-12 06:54:00+00:00  58143.5  58200.0  58143.5  58176.0  293.417      -0.1101
2024-08-12 06:55:00+00:00  58175.9  58261.0  58173.5  58230.8  190.812       0.3641
2024-08-12 06:56:00+00:00  58230.8  58350.0  58216.0  58350.0  201.317       0.2496
2024-08-12 06:57:00+00:00  58350.0  58394.1  58331.1  58369.8  272.864       0.1225
2024-08-12 06:58:00+00:00  58369.8  58411.0  58362.5  58411.0  194.284      -0.1431
2024-08-12 06:59:00+00:00  58411.0  58447.4  58380.0  58396.5  177.735       0.0232
2024-08-12 07:00:00+00:00  58396.6  58401.6  58348.8  58376.2  105.933       0.0424
2024-08-12 07:01:00+00:00  58376.3  58439.1  58351.8  58351.8  256.959       0.2028
2024-08-12 07:02:00+00:00  58351.9  58380.0  58304.5  58309.9  140.809      -0.1985
2024-08-12 07:03:00+00:00  58309.9  58317.5  58260.3  58284.6  167.929      -0.2847
2024-08-12 07:04:00+00:00  58284.6  58288.8  58254.6  58268.0  143.412      -0.3847
2024-08-12 07:05:00+00:00  58268.1  58317.6  58268.0  58295.8  128.845      -0.1298