TRADE BTCUSDT 2024-08-15 17:21:00+00:00
side: -1
source_level: 59232.600000000006
entry: 59135.80000000001
entry_fill: 59127.6
stop: 59350.1
target: 58508.2
net_r: -0.98212286147233
holding_minutes: 18.0
interaction_time_ns: 1723742400000000000
acceptance: 1.0
return_depth: -0.05908096280072634
return_activity: 1.2783120694478787

CONTEXT 15m
                              open     high      low    close     volume  delta_share
ts                                                                                   
2024-08-15 09:30:00+00:00  58388.3  58412.9  58342.2  58400.0    657.445      -0.0322
2024-08-15 09:45:00+00:00  58400.1  58468.2  58307.2  58454.9   1265.971      -0.0931
2024-08-15 10:00:00+00:00  58455.0  58518.0  58362.0  58371.9   1518.764      -0.0306
2024-08-15 10:15:00+00:00  58372.0  58442.7  58281.2  58360.0   1523.012      -0.1245
2024-08-15 10:30:00+00:00  58360.0  58463.0  58305.0  58436.0    950.711      -0.0436
2024-08-15 10:45:00+00:00  58436.1  58514.0  58258.1  58291.9   1651.382      -0.1372
2024-08-15 11:00:00+00:00  58291.9  58408.5  58266.1  58326.0    744.447       0.0031
2024-08-15 11:15:00+00:00  58326.0  58480.8  58320.0  58471.3    992.060       0.1252
2024-08-15 11:30:00+00:00  58471.4  58789.4  58432.3  58697.8   4242.736       0.1971
2024-08-15 11:45:00+00:00  58697.7  58796.5  58592.9  58711.8   3570.331      -0.1013
2024-08-15 12:00:00+00:00  58711.9  58836.5  58639.5  58712.1   2120.851      -0.0599
2024-08-15 12:15:00+00:00  58712.0  58756.0  58576.0  58615.4   1496.833      -0.1530
2024-08-15 12:30:00+00:00  58615.3  58813.9  58604.8  58668.8   2118.270      -0.0231
2024-08-15 12:45:00+00:00  58668.8  59349.8  58643.2  59145.3  13463.801       0.1411
2024-08-15 13:00:00+00:00  59145.4  59329.9  58695.0  58766.2  10371.203      -0.1497
2024-08-15 13:15:00+00:00  58766.2  59091.8  58508.1  59000.1   5865.767       0.0528
2024-08-15 13:30:00+00:00  59000.1  59216.5  58852.3  59126.5   3737.265       0.0823
2024-08-15 13:45:00+00:00  59126.5  59454.5  59021.7  59124.4   7541.887      -0.0138
2024-08-15 14:00:00+00:00  59124.4  59426.5  58990.0  59420.2   4420.889      -0.0819
2024-08-15 14:15:00+00:00  59420.1  59650.0  59274.6  59349.0   8276.491      -0.0511
2024-08-15 14:30:00+00:00  59349.0  59456.2  59175.0  59404.2   3592.499      -0.0581
2024-08-15 14:45:00+00:00  59404.2  59569.3  59384.0  59469.9   2697.416       0.0025
2024-08-15 15:00:00+00:00  59469.8  59717.0  59337.6  59385.9   5427.765      -0.0311
2024-08-15 15:15:00+00:00  59386.0  59497.0  59232.6  59308.0   2656.493      -0.1586
2024-08-15 15:30:00+00:00  59308.0  59749.2  59275.0  59580.5   4966.839      -0.0005
2024-08-15 15:45:00+00:00  59580.5  59583.5  59372.8  59572.0   2860.408      -0.1369
2024-08-15 16:00:00+00:00  59572.0  59721.8  59496.5  59643.7   2280.173       0.0922
2024-08-15 16:15:00+00:00  59643.3  59770.0  59538.9  59570.6   3105.969      -0.0717
2024-08-15 16:30:00+00:00  59570.6  59791.4  59558.4  59789.9   1912.004       0.0664
2024-08-15 16:45:00+00:00  59789.9  59820.0  59470.9  59523.9   4549.229      -0.0573
2024-08-15 17:00:00+00:00  59524.0  59544.2  59388.0  59503.0   2799.609      -0.0693
2024-08-15 17:15:00+00:00  59502.9  59518.6  59242.0  59320.3   3169.357      -0.1205
2024-08-15 17:30:00+00:00  59320.3  59339.0  59119.0  59135.8   1944.617      -0.3507

RESPONSE 1m
                              open     high      low    close   volume  delta_share
ts                                                                                 
2024-08-15 17:02:00+00:00  59443.7  59490.8  59416.5  59475.3  162.840       0.2160
2024-08-15 17:03:00+00:00  59475.2  59518.6  59453.1  59465.7  163.388       0.2994
2024-08-15 17:04:00+00:00  59465.8  59465.8  59420.0  59430.1   80.654      -0.3951
2024-08-15 17:05:00+00:00  59430.0  59432.6  59348.0  59384.3  288.558      -0.3444
2024-08-15 17:06:00+00:00  59384.3  59384.3  59315.3  59328.8  359.834      -0.3976
2024-08-15 17:07:00+00:00  59328.8  59368.9  59312.5  59323.2  334.608      -0.0507
2024-08-15 17:08:00+00:00  59323.2  59352.8  59262.0  59321.3  418.189      -0.0537
2024-08-15 17:09:00+00:00  59321.4  59328.4  59242.0  59291.0  341.015      -0.2336
2024-08-15 17:10:00+00:00  59291.1  59345.5  59272.0  59281.5  231.517      -0.1046
2024-08-15 17:11:00+00:00  59281.5  59340.0  59281.5  59333.1  149.585       0.2147
2024-08-15 17:12:00+00:00  59333.1  59350.0  59333.0  59348.0   75.865       0.3735
2024-08-15 17:13:00+00:00  59348.0  59350.0  59332.4  59349.9   99.598       0.1125
2024-08-15 17:14:00+00:00  59349.9  59349.9  59291.8  59307.5  163.953      -0.2531
2024-08-15 17:15:00+00:00  59307.5  59334.1  59296.1  59320.3   92.992       0.1101
2024-08-15 17:16:00+00:00  59320.3  59339.0  59256.0  59282.3  194.687      -0.4757
2024-08-15 17:17:00+00:00  59282.3  59293.2  59242.0  59278.0  155.388      -0.1610
2024-08-15 17:18:00+00:00  59277.9  59281.5  59236.6  59244.4  127.475      -0.3298
2024-08-15 17:19:00+00:00  59244.4  59290.8  59210.0  59228.9  233.456      -0.2102
2024-08-15 17:20:00+00:00  59229.0  59242.0  59141.2  59143.1  569.936      -0.4425
2024-08-15 17:21:00+00:00  59143.0  59203.5  59119.0  59135.8  663.675      -0.3332
2024-08-15 17:22:00+00:00  59136.1  59178.7  59128.2  59176.3  156.252       0.0242
2024-08-15 17:23:00+00:00  59176.3  59270.0  59176.2  59270.0  319.349       0.6408
2024-08-15 17:24:00+00:00  59270.0  59300.0  59243.5  59300.0  126.160       0.1532
2024-08-15 17:25:00+00:00  59300.0  59344.4  59283.6  59283.7  183.949       0.1654
2024-08-15 17:26:00+00:00  59283.6  59283.7  59200.0  59200.1  219.212      -0.6579
2024-08-15 17:27:00+00:00  59200.1  59236.8  59190.3  59235.0  201.314       0.1369
2024-08-15 17:28:00+00:00  59235.0  59303.6  59235.0  59284.7  167.091       0.5656
2024-08-15 17:29:00+00:00  59284.8  59319.4  59276.1  59317.4  142.836       0.2538
2024-08-15 17:30:00+00:00  59316.1  59320.9  59271.8  59289.1  124.415      -0.1379
2024-08-15 17:31:00+00:00  59289.1  59289.1  59225.0  59282.5  109.023      -0.0083
2024-08-15 17:32:00+00:00  59282.6  59282.6  59204.0  59238.0  162.135      -0.1694
2024-08-15 17:33:00+00:00  59238.1  59290.8  59238.1  59289.3  240.742       0.5133
2024-08-15 17:34:00+00:00  59289.2  59319.4  59276.9  59316.9  178.613       0.2171
2024-08-15 17:35:00+00:00  59316.8  59350.0  59302.2  59302.2  152.146      -0.0440
2024-08-15 17:36:00+00:00  59302.3  59310.6  59270.0  59310.5   76.916      -0.1107
2024-08-15 17:37:00+00:00  59310.6  59350.0  59300.1  59337.0  189.812       0.1392
2024-08-15 17:38:00+00:00  59336.9  59339.7  59314.1  59330.0   75.867      -0.2873
2024-08-15 17:39:00+00:00  59330.0  59363.1  59329.9  59361.5  100.590       0.5715
2024-08-15 17:40:00+00:00  59361.5  59439.0  59361.4  59397.9  420.704       0.4992
2024-08-15 17:41:00+00:00  59398.0  59434.7  59385.7  59427.2  155.226       0.1328