TRADE BTCUSDT 2024-08-15 21:03:00+00:00
side: -1
source_level: 56633.0
entry: 56630.5
entry_fill: 56623.8
stop: 56880.2
target: 55969.1
net_r: -0.9824412985126648
holding_minutes: 5.0
interaction_time_ns: 1723755300000000000
acceptance: 1.0
return_depth: 0.9962349397590361
return_activity: 0.5299929178455113

CONTEXT 15m
                              open     high      low    close     volume  delta_share
ts                                                                                   
2024-08-15 13:15:00+00:00  58799.2  59091.8  58780.5  59000.1   3484.803       0.1503
2024-08-15 13:30:00+00:00  59000.1  59216.5  58852.3  59126.5   3737.265       0.0823
2024-08-15 13:45:00+00:00  59126.5  59454.5  59021.7  59124.4   7541.887      -0.0138
2024-08-15 14:00:00+00:00  59124.4  59426.5  58990.0  59420.2   4420.889      -0.0819
2024-08-15 14:15:00+00:00  59420.1  59650.0  59274.6  59349.0   8276.491      -0.0511
2024-08-15 14:30:00+00:00  59349.0  59456.2  59175.0  59404.2   3592.499      -0.0581
2024-08-15 14:45:00+00:00  59404.2  59569.3  59384.0  59469.9   2697.416       0.0025
2024-08-15 15:00:00+00:00  59469.8  59717.0  59337.6  59385.9   5427.765      -0.0311
2024-08-15 15:15:00+00:00  59386.0  59497.0  59232.6  59308.0   2656.493      -0.1586
2024-08-15 15:30:00+00:00  59308.0  59749.2  59275.0  59580.5   4966.839      -0.0005
2024-08-15 15:45:00+00:00  59580.5  59583.5  59372.8  59572.0   2860.408      -0.1369
2024-08-15 16:00:00+00:00  59572.0  59721.8  59496.5  59643.7   2280.173       0.0922
2024-08-15 16:15:00+00:00  59643.3  59770.0  59538.9  59570.6   3105.969      -0.0717
2024-08-15 16:30:00+00:00  59570.6  59791.4  59558.4  59789.9   1912.004       0.0664
2024-08-15 16:45:00+00:00  59789.9  59820.0  59470.9  59523.9   4549.229      -0.0573
2024-08-15 17:00:00+00:00  59524.0  59544.2  59388.0  59503.0   2799.609      -0.0693
2024-08-15 17:15:00+00:00  59502.9  59518.6  59242.0  59320.3   3169.357      -0.1205
2024-08-15 17:30:00+00:00  59320.3  59344.4  59119.0  59289.1   3585.195      -0.1191
2024-08-15 17:45:00+00:00  59289.1  59440.0  59204.0  59361.3   2337.631       0.1278
2024-08-15 18:00:00+00:00  59361.3  59400.0  58735.8  58840.6   5848.015      -0.2252
2024-08-15 18:15:00+00:00  58840.7  58845.9  57833.0  57873.3  21312.874      -0.0922
2024-08-15 18:30:00+00:00  57873.4  58047.5  57474.2  57822.7  14220.291      -0.0556
2024-08-15 18:45:00+00:00  57822.7  57954.4  57529.2  57942.6   6566.989       0.0392
2024-08-15 19:00:00+00:00  57942.6  57942.6  57701.4  57831.9   3470.576      -0.0973
2024-08-15 19:15:00+00:00  57831.9  57925.0  57000.0  57173.1  15392.616      -0.2423
2024-08-15 19:30:00+00:00  57173.2  57398.2  56795.9  56926.5   8857.329      -0.1030
2024-08-15 19:45:00+00:00  56926.4  57134.9  56633.0  56896.3   9480.123       0.0509
2024-08-15 20:00:00+00:00  56896.3  57235.0  56804.1  57002.4   7614.722       0.1174
2024-08-15 20:15:00+00:00  57002.5  57090.3  56720.3  57041.7   6537.537      -0.0188
2024-08-15 20:30:00+00:00  57041.7  57042.0  56735.0  56853.0   3791.004      -0.0973
2024-08-15 20:45:00+00:00  56853.0  56899.7  56701.8  56814.1   2265.131      -0.0582
2024-08-15 21:00:00+00:00  56814.0  56880.1  55969.0  56634.9  13341.534      -0.1821
2024-08-15 21:15:00+00:00  56634.9  56846.3  56571.3  56630.5   2338.570      -0.0157

RESPONSE 1m
                              open     high      low    close    volume  delta_share
ts                                                                                  
2024-08-15 20:44:00+00:00  56745.5  56751.4  56730.1  56748.8    85.402      -0.1164
2024-08-15 20:45:00+00:00  56748.9  56822.4  56740.9  56814.1   199.799       0.4952
2024-08-15 20:46:00+00:00  56814.0  56843.1  56753.3  56821.5   110.323      -0.0773
2024-08-15 20:47:00+00:00  56821.5  56880.1  56814.7  56873.4   146.014       0.3001
2024-08-15 20:48:00+00:00  56873.3  56880.0  56836.4  56838.7   145.568       0.1019
2024-08-15 20:49:00+00:00  56838.7  56838.7  56760.0  56765.2   214.166      -0.3940
2024-08-15 20:50:00+00:00  56765.2  56774.9  56743.0  56771.5    67.603      -0.2671
2024-08-15 20:51:00+00:00  56771.5  56780.0  56715.4  56723.4   140.853      -0.3747
2024-08-15 20:52:00+00:00  56723.5  56723.5  56675.0  56693.3   335.352      -0.4588
2024-08-15 20:53:00+00:00  56693.3  56700.0  56670.0  56672.3   169.679      -0.1191
2024-08-15 20:54:00+00:00  56672.4  56695.9  56666.6  56670.0   235.485       0.1369
2024-08-15 20:55:00+00:00  56670.1  56685.9  56588.0  56598.4   479.302      -0.5651
2024-08-15 20:56:00+00:00  56598.4  56598.5  55980.3  56000.0  6601.119      -0.5177
2024-08-15 20:57:00+00:00  56000.0  56368.4  55969.0  56324.9  2372.257       0.3279
2024-08-15 20:58:00+00:00  56324.9  56372.6  56289.2  56327.9   655.237       0.0616
2024-08-15 20:59:00+00:00  56327.8  56347.5  56229.9  56345.9   452.859       0.0068
2024-08-15 21:00:00+00:00  56345.9  56634.9  56342.7  56634.9  1215.717       0.5630
2024-08-15 21:01:00+00:00  56634.9  56724.8  56571.3  56705.2   748.907       0.1753
2024-08-15 21:02:00+00:00  56705.1  56788.0  56676.0  56781.3   608.911       0.1325
2024-08-15 21:03:00+00:00  56781.2  56846.3  56610.8  56630.5   980.752      -0.2536
2024-08-15 21:04:00+00:00  56630.6  56669.2  56581.0  56587.1   511.570      -0.0810
2024-08-15 21:05:00+00:00  56587.1  56745.5  56580.9  56741.7   487.856       0.4649
2024-08-15 21:06:00+00:00  56741.7  56803.0  56712.9  56798.4   371.115       0.3502
2024-08-15 21:07:00+00:00  56798.3  56865.5  56789.0  56851.2   429.353       0.3871
2024-08-15 21:08:00+00:00  56851.1  56900.0  56830.5  56877.5   462.168       0.4253
2024-08-15 21:09:00+00:00  56877.6  56889.1  56823.4  56863.8   199.104      -0.2094
2024-08-15 21:10:00+00:00  56863.8  56868.4  56832.6  56841.3   101.255      -0.1418
2024-08-15 21:11:00+00:00  56841.2  56849.9  56740.0  56803.1   259.370      -0.3629
2024-08-15 21:12:00+00:00  56803.2  56893.8  56803.1  56853.2   209.336       0.0062
2024-08-15 21:13:00+00:00  56853.3  56905.0  56844.2  56901.7   144.240       0.4335
2024-08-15 21:14:00+00:00  56901.6  57024.7  56874.4  56904.7  1375.503       0.4544
2024-08-15 21:15:00+00:00  56904.7  56950.0  56897.4  56921.4   289.650       0.3540
2024-08-15 21:16:00+00:00  56921.4  56932.9  56803.8  56807.2   318.577      -0.5769
2024-08-15 21:17:00+00:00  56807.2  56838.8  56788.7  56788.7   236.769       0.0394
2024-08-15 21:18:00+00:00  56788.7  56788.8  56713.6  56735.1   239.721      -0.3864
2024-08-15 21:19:00+00:00  56735.1  56835.6  56735.1  56826.4   352.267       0.5088
2024-08-15 21:20:00+00:00  56826.4  56900.0  56811.4  56811.5   318.289       0.5983
2024-08-15 21:21:00+00:00  56811.4  56858.7  56751.7  56853.7   247.679       0.3768
2024-08-15 21:22:00+00:00  56853.6  56894.6  56841.2  56856.9   196.434       0.2005
2024-08-15 21:23:00+00:00  56856.8  56856.9  56787.0  56787.0   123.832      -0.6137