TRADE BTCUSDT 2024-08-19 05:25:00+00:00
side: 1
source_level: 58442.4
entry: 58430.3
entry_fill: 58430.3
stop: 58381.2
target: 58489.1
net_r: -0.9626998368610984
holding_minutes: 9.0
interaction_time_ns: 1724044800000000000
acceptance: 0.0
return_depth: 1.2585470085470016
return_activity: 0.29857759158007036

CONTEXT 15m
                              open     high      low    close    volume  delta_share
ts                                                                                  
2024-08-18 21:30:00+00:00  59619.9  59647.0  59566.4  59647.0   324.264      -0.3252
2024-08-18 21:45:00+00:00  59646.9  59719.8  59526.4  59619.4   650.508      -0.2986
2024-08-18 22:00:00+00:00  59619.4  59619.4  59300.0  59412.6  1609.241      -0.1913
2024-08-18 22:15:00+00:00  59412.6  59527.0  59376.6  59456.0   919.593       0.1048
2024-08-18 22:30:00+00:00  59455.9  59556.0  59381.8  59435.5   984.053      -0.0923
2024-08-18 22:45:00+00:00  59435.6  59439.3  59321.6  59396.7   777.518      -0.0960
2024-08-18 23:00:00+00:00  59396.6  59403.1  59310.0  59315.1   578.876      -0.0004
2024-08-18 23:15:00+00:00  59315.1  59379.0  59036.0  59184.0  2994.651      -0.1188
2024-08-18 23:30:00+00:00  59184.1  59236.6  58902.7  58981.1  4638.020      -0.0799
2024-08-18 23:45:00+00:00  58981.0  59048.3  58735.0  58772.1  4249.358      -0.0976
2024-08-19 00:00:00+00:00  58772.1  58806.3  58352.0  58390.0  9569.414      -0.0536
2024-08-19 00:15:00+00:00  58390.1  58626.6  58225.0  58612.8  7523.354       0.1213
2024-08-19 00:30:00+00:00  58612.8  58673.2  58173.2  58388.8  6247.515      -0.0851
2024-08-19 00:45:00+00:00  58388.9  58587.2  58268.0  58550.1  2771.235       0.1443
2024-08-19 01:00:00+00:00  58550.0  58640.0  58244.5  58307.8  3433.659      -0.2644
2024-08-19 01:15:00+00:00  58307.8  58466.5  58183.0  58426.1  3385.630       0.0671
2024-08-19 01:30:00+00:00  58426.2  58430.0  58250.0  58407.1  1658.526       0.0484
2024-08-19 01:45:00+00:00  58407.1  58587.2  58388.7  58563.4  1854.375       0.1373
2024-08-19 02:00:00+00:00  58563.5  58563.5  58377.0  58525.0  1261.726      -0.0098
2024-08-19 02:15:00+00:00  58524.9  58564.6  58417.5  58444.0  1023.703      -0.0964
2024-08-19 02:30:00+00:00  58444.1  58597.3  58383.0  58563.5   957.013       0.1539
2024-08-19 02:45:00+00:00  58563.4  58712.5  58513.3  58524.6  1429.218      -0.0703
2024-08-19 03:00:00+00:00  58524.6  58680.0  58508.8  58631.4  1002.139      -0.0873
2024-08-19 03:15:00+00:00  58631.5  58702.1  58511.7  58542.4  1450.457      -0.2674
2024-08-19 03:30:00+00:00  58543.7  58658.1  58517.3  58640.0  1183.275       0.1374
2024-08-19 03:45:00+00:00  58640.1  58736.6  58600.1  58716.0   777.698       0.1155
2024-08-19 04:00:00+00:00  58716.1  58726.3  58651.4  58696.6   729.611      -0.0396
2024-08-19 04:15:00+00:00  58696.7  58710.6  58607.1  58622.1   746.204      -0.1026
2024-08-19 04:30:00+00:00  58623.0  58634.0  58482.5  58510.0  1310.969      -0.2559
2024-08-19 04:45:00+00:00  58510.0  58621.6  58442.4  58468.2  1503.912       0.0855
2024-08-19 05:00:00+00:00  58468.1  58570.3  58461.6  58548.5   609.785       0.0885
2024-08-19 05:15:00+00:00  58548.5  58588.5  58450.0  58454.4   687.172       0.0356
2024-08-19 05:30:00+00:00  58454.5  58489.2  58381.3  58448.5   804.380      -0.1756

RESPONSE 1m
                              open     high      low    close   volume  delta_share
ts                                                                                 
2024-08-19 05:06:00+00:00  58577.9  58588.5  58552.5  58556.0   50.739       0.1531
2024-08-19 05:07:00+00:00  58556.6  58567.3  58553.5  58561.2   27.796       0.3649
2024-08-19 05:08:00+00:00  58561.2  58561.2  58519.1  58519.3   27.638      -0.6237
2024-08-19 05:09:00+00:00  58519.3  58529.1  58511.5  58511.5   23.139      -0.0975
2024-08-19 05:10:00+00:00  58511.6  58511.6  58472.0  58476.3   96.152      -0.5637
2024-08-19 05:11:00+00:00  58476.3  58479.1  58469.5  58476.0   38.023       0.0261
2024-08-19 05:12:00+00:00  58476.0  58489.7  58462.4  58464.8   99.635      -0.3349
2024-08-19 05:13:00+00:00  58464.7  58473.4  58450.0  58450.1   63.180       0.2240
2024-08-19 05:14:00+00:00  58450.1  58471.5  58450.1  58462.4   89.206       0.7255
2024-08-19 05:15:00+00:00  58462.4  58470.4  58454.4  58454.4   33.312      -0.1888
2024-08-19 05:16:00+00:00  58454.5  58454.5  58416.5  58432.6  238.635      -0.5599
2024-08-19 05:17:00+00:00  58432.5  58438.4  58381.3  58427.4  205.133      -0.2354
2024-08-19 05:18:00+00:00  58427.5  58467.1  58410.8  58467.1   76.265       0.4538
2024-08-19 05:19:00+00:00  58467.1  58472.9  58461.8  58467.0   56.567      -0.1878
2024-08-19 05:20:00+00:00  58467.1  58489.2  58467.0  58489.2   46.009       0.5868
2024-08-19 05:21:00+00:00  58489.2  58489.2  58477.4  58485.4   30.318      -0.3202
2024-08-19 05:22:00+00:00  58485.3  58485.5  58450.6  58455.0   38.591      -0.0964
2024-08-19 05:23:00+00:00  58454.9  58455.0  58424.7  58430.3   37.216      -0.3681
2024-08-19 05:24:00+00:00  58430.3  58457.7  58430.0  58430.1   49.355       0.2617
2024-08-19 05:25:00+00:00  58430.0  58448.6  58430.0  58448.5   26.291       0.1475
2024-08-19 05:26:00+00:00  58448.6  58450.0  58428.1  58428.1   43.902      -0.2993
2024-08-19 05:27:00+00:00  58428.0  58439.4  58418.0  58439.3   25.859       0.3038
2024-08-19 05:28:00+00:00  58439.3  58441.3  58401.6  58418.6   43.706      -0.0643
2024-08-19 05:29:00+00:00  58418.6  58434.2  58403.9  58410.4   52.622      -0.0794
2024-08-19 05:30:00+00:00  58410.3  58422.6  58393.7  58409.6   44.720      -0.2187
2024-08-19 05:31:00+00:00  58409.7  58435.0  58394.0  58435.0   60.307       0.2605
2024-08-19 05:32:00+00:00  58434.9  58437.9  58422.0  58430.7   58.174       0.5387
2024-08-19 05:33:00+00:00  58430.8  58434.1  58414.7  58434.0   68.812       0.0383
2024-08-19 05:34:00+00:00  58434.1  58442.0  58396.0  58411.5   70.503       0.1045
2024-08-19 05:35:00+00:00  58411.4  58419.4  58339.8  58356.2  342.380      -0.3800
2024-08-19 05:36:00+00:00  58356.2  58403.8  58356.2  58403.8   68.869       0.4526
2024-08-19 05:37:00+00:00  58403.8  58450.0  58403.7  58450.0   62.674       0.7399
2024-08-19 05:38:00+00:00  58449.9  58511.8  58428.5  58493.9  253.132       0.4405
2024-08-19 05:39:00+00:00  58494.0  58567.0  58493.9  58556.2  353.728       0.6458
2024-08-19 05:40:00+00:00  58556.1  58556.2  58514.8  58522.0  123.486       0.0082
2024-08-19 05:41:00+00:00  58522.0  58533.2  58513.4  58517.9   35.932       0.2286
2024-08-19 05:42:00+00:00  58518.0  58518.0  58495.2  58508.9   35.663       0.2711
2024-08-19 05:43:00+00:00  58508.9  58514.0  58484.0  58484.0   47.668      -0.2850
2024-08-19 05:44:00+00:00  58483.2  58507.3  58475.7  58506.8   33.325       0.4851
2024-08-19 05:45:00+00:00  58506.8  58520.7  58502.6  58516.5   42.041       0.2642