TRADE BTCUSDT 2024-08-13 22:57:00+00:00
side: 1
source_level: 60480.700000000004
entry: 60500.0
entry_fill: 60500.0
stop: 60410.3
target: 60607.8
net_r: -0.9607567254903159
holding_minutes: 36.0
interaction_time_ns: 1723587600000000000
acceptance: 0.0
return_depth: 0.8942465753424854
return_activity: 0.8923350475531726

CONTEXT 15m
                              open     high      low    close     volume  delta_share
ts                                                                                   
2024-08-13 15:00:00+00:00  59704.9  59737.8  59548.4  59606.1   1010.172      -0.3141
2024-08-13 15:15:00+00:00  59606.2  59693.2  59400.0  59464.4   2503.914      -0.1381
2024-08-13 15:30:00+00:00  59464.3  59559.9  59351.0  59452.5   2049.686      -0.1247
2024-08-13 15:45:00+00:00  59452.6  59496.0  59302.4  59421.1   1723.953      -0.0602
2024-08-13 16:00:00+00:00  59421.2  59499.3  59336.4  59438.4   1009.413       0.0428
2024-08-13 16:15:00+00:00  59438.4  59772.0  59402.6  59700.0   2872.045       0.1713
2024-08-13 16:30:00+00:00  59700.0  60134.0  59699.8  59855.9   6522.223       0.0422
2024-08-13 16:45:00+00:00  59855.9  60649.2  59855.9  60595.3  11215.232       0.2049
2024-08-13 17:00:00+00:00  60595.3  61150.0  60563.1  61121.0  13064.412       0.1502
2024-08-13 17:15:00+00:00  61121.0  61389.0  60929.8  61337.2  10818.493      -0.0410
2024-08-13 17:30:00+00:00  61337.2  61441.5  61076.1  61237.3   5771.107      -0.1141
2024-08-13 17:45:00+00:00  61237.4  61545.0  61228.1  61466.9   4394.081       0.2074
2024-08-13 18:00:00+00:00  61467.0  61514.4  60867.1  61134.1   8602.304      -0.1348
2024-08-13 18:15:00+00:00  61134.1  61187.1  60943.7  61068.0   3966.203       0.0701
2024-08-13 18:30:00+00:00  61068.1  61096.9  60828.9  60958.7   2669.103      -0.0238
2024-08-13 18:45:00+00:00  60958.7  61095.5  60818.0  60948.4   2785.567       0.2381
2024-08-13 19:00:00+00:00  60948.3  60952.9  60740.0  60774.5   3551.418      -0.0889
2024-08-13 19:15:00+00:00  60774.5  60824.7  60555.0  60557.1   3387.730      -0.0913
2024-08-13 19:30:00+00:00  60557.1  60824.6  60217.5  60763.6   7659.520       0.0436
2024-08-13 19:45:00+00:00  60763.7  60908.4  60588.0  60711.2   3655.139       0.0802
2024-08-13 20:00:00+00:00  60711.3  60946.4  60673.7  60792.1   2712.262       0.0623
2024-08-13 20:15:00+00:00  60794.5  60949.8  60738.1  60788.2   1873.615       0.0583
2024-08-13 20:30:00+00:00  60788.2  60788.3  60535.3  60643.9   2032.738      -0.0566
2024-08-13 20:45:00+00:00  60643.8  60759.9  60582.3  60681.4    930.696       0.0873
2024-08-13 21:00:00+00:00  60681.4  60708.2  60537.5  60543.6    795.179      -0.1574
2024-08-13 21:15:00+00:00  60543.6  60625.0  60480.7  60585.6   1175.048      -0.1059
2024-08-13 21:30:00+00:00  60585.6  60906.1  60585.6  60840.7   1823.973       0.2770
2024-08-13 21:45:00+00:00  60840.7  61120.8  60738.0  60950.0   2090.156       0.1096
2024-08-13 22:00:00+00:00  60950.0  61047.8  60860.7  61005.8   1067.059      -0.0216
2024-08-13 22:15:00+00:00  61005.7  61034.1  60536.2  60598.0   5321.760      -0.1526
2024-08-13 22:30:00+00:00  60598.5  60620.0  60410.4  60550.0   1682.408      -0.0707
2024-08-13 22:45:00+00:00  60550.0  60662.6  60518.0  60608.0    926.894       0.1261
2024-08-13 23:00:00+00:00  60607.9  60663.2  60480.9  60540.8    831.893      -0.1370

RESPONSE 1m
                              open     high      low    close   volume  delta_share
ts                                                                                 
2024-08-13 22:38:00+00:00  60641.3  60647.4  60618.5  60622.0   39.584      -0.0130
2024-08-13 22:39:00+00:00  60622.1  60622.1  60578.4  60603.9   78.760      -0.4560
2024-08-13 22:40:00+00:00  60603.9  60604.0  60573.6  60578.1   27.189      -0.1615
2024-08-13 22:41:00+00:00  60578.0  60600.0  60560.0  60569.3   74.752      -0.4636
2024-08-13 22:42:00+00:00  60569.3  60616.9  60560.0  60616.4   49.463       0.5404
2024-08-13 22:43:00+00:00  60616.4  60632.1  60570.8  60570.8   32.705      -0.0450
2024-08-13 22:44:00+00:00  60570.9  60583.8  60567.4  60583.7   17.375       0.2462
2024-08-13 22:45:00+00:00  60583.7  60610.3  60583.7  60608.0   14.179       0.3775
2024-08-13 22:46:00+00:00  60607.9  60607.9  60584.0  60607.9   25.897       0.5330
2024-08-13 22:47:00+00:00  60607.9  60607.9  60566.0  60580.1   64.867      -0.1149
2024-08-13 22:48:00+00:00  60580.1  60637.4  60576.3  60631.2   70.942       0.7915
2024-08-13 22:49:00+00:00  60631.3  60648.9  60614.4  60620.2   44.862       0.5619
2024-08-13 22:50:00+00:00  60620.1  60658.6  60620.1  60649.9   56.365       0.5515
2024-08-13 22:51:00+00:00  60650.0  60660.0  60643.0  60652.1   27.086      -0.0382
2024-08-13 22:52:00+00:00  60652.2  60663.2  60592.0  60593.6   36.260      -0.3322
2024-08-13 22:53:00+00:00  60593.5  60604.5  60564.1  60587.3   52.435      -0.7036
2024-08-13 22:54:00+00:00  60587.3  60587.4  60480.9  60540.2  286.412      -0.6066
2024-08-13 22:55:00+00:00  60540.2  60540.2  60512.0  60525.2   52.882       0.0259
2024-08-13 22:56:00+00:00  60525.2  60533.7  60482.3  60500.0   57.541      -0.4053
2024-08-13 22:57:00+00:00  60500.0  60558.5  60500.0  60540.8   56.344       0.2289
2024-08-13 22:58:00+00:00  60540.9  60572.0  60539.1  60566.5   39.075       0.6954
2024-08-13 22:59:00+00:00  60566.4  60566.4  60542.0  60547.9   22.294       0.1333
2024-08-13 23:00:00+00:00  60547.9  60557.5  60536.0  60557.5   19.813      -0.4357
2024-08-13 23:01:00+00:00  60557.5  60588.0  60540.9  60585.3   57.274       0.5243
2024-08-13 23:02:00+00:00  60585.3  60585.3  60560.9  60562.9   41.043       0.3334
2024-08-13 23:03:00+00:00  60562.8  60562.9  60523.5  60523.6   42.624      -0.1273
2024-08-13 23:04:00+00:00  60523.5  60529.7  60514.0  60519.4   36.291       0.1138
2024-08-13 23:05:00+00:00  60519.3  60523.1  60493.5  60504.8   69.198       0.2278
2024-08-13 23:06:00+00:00  60504.8  60504.8  60502.1  60504.8   38.283      -0.3285
2024-08-13 23:07:00+00:00  60504.8  60530.0  60502.0  60514.8   49.953       0.3534
2024-08-13 23:08:00+00:00  60514.8  60556.3  60514.8  60542.0   36.860       0.3929
2024-08-13 23:09:00+00:00  60542.0  60570.0  60542.0  60566.0   39.651       0.7396
2024-08-13 23:10:00+00:00  60566.0  60566.0  60508.0  60508.9   32.200      -0.3577
2024-08-13 23:11:00+00:00  60508.9  60508.9  60483.9  60498.2   91.046      -0.3935
2024-08-13 23:12:00+00:00  60498.2  60506.0  60494.0  60498.0   33.046      -0.3719
2024-08-13 23:13:00+00:00  60498.0  60498.0  60450.9  60482.4  101.368      -0.2294
2024-08-13 23:14:00+00:00  60482.3  60495.3  60454.1  60470.2   31.639       0.1481
2024-08-13 23:15:00+00:00  60470.2  60484.5  60470.0  60484.4   30.362      -0.2190
2024-08-13 23:16:00+00:00  60484.5  60524.1  60478.7  60518.7   64.838       0.1569
2024-08-13 23:17:00+00:00  60518.7  60530.0  60506.5  60511.0   26.055       0.3020