TRADE BTCUSDT 2024-08-14 08:29:00+00:00
side: -1
source_level: 60663.2
entry: 60818.0
entry_fill: 60818.0
stop: 60880.1
target: 60600.1
net_r: -0.9578486736843678
holding_minutes: 5.0
interaction_time_ns: 1723623600000000000
acceptance: 1.0
return_depth: 3.4493670886077537
return_activity: 0.3716688136870673

CONTEXT 15m
                              open     high      low    close    volume  delta_share
ts                                                                                  
2024-08-14 00:30:00+00:00  60548.2  60588.0  60538.0  60587.5    30.516       0.5433
2024-08-14 00:45:00+00:00  60587.9  60760.0  60540.0  60664.0  1317.916       0.0000
2024-08-14 01:00:00+00:00  60664.1  60825.1  60621.3  60751.2  1215.171      -0.0235
2024-08-14 01:15:00+00:00  60751.2  60790.8  60574.1  60664.3   932.342      -0.1983
2024-08-14 01:30:00+00:00  60664.3  60668.0  60500.0  60542.8   900.869      -0.2815
2024-08-14 01:45:00+00:00  60542.7  60755.2  60489.0  60734.0  1079.057       0.2129
2024-08-14 02:00:00+00:00  60733.9  60733.9  60476.2  60488.0   975.157      -0.2999
2024-08-14 02:15:00+00:00  60488.0  60640.7  60458.7  60631.0  1180.878       0.1167
2024-08-14 02:30:00+00:00  60630.9  60719.9  60575.7  60613.5  1124.276      -0.0167
2024-08-14 02:45:00+00:00  60613.4  60748.1  60564.7  60736.1   860.981       0.0954
2024-08-14 03:00:00+00:00  60736.1  60813.0  60736.0  60775.9  1117.574       0.0017
2024-08-14 03:15:00+00:00  60775.9  60929.9  60775.9  60899.8  1490.406       0.2291
2024-08-14 03:30:00+00:00  60899.8  61069.8  60858.7  61037.9  1575.889       0.0794
2024-08-14 03:45:00+00:00  61037.8  61151.4  61000.5  61077.6  2082.872      -0.0470
2024-08-14 04:00:00+00:00  61077.5  61277.0  60913.3  60920.0  3224.988      -0.1318
2024-08-14 04:15:00+00:00  60920.1  61013.8  60864.0  61005.8  1530.656       0.0498
2024-08-14 04:30:00+00:00  61005.7  61115.9  60859.0  61113.5  1057.598       0.0190
2024-08-14 04:45:00+00:00  61113.5  61131.2  60981.6  61013.7  1055.386      -0.1174
2024-08-14 05:00:00+00:00  61013.6  61068.7  60876.4  60913.3   744.898      -0.1710
2024-08-14 05:15:00+00:00  60913.3  61048.0  60830.0  61048.0  1007.065       0.0970
2024-08-14 05:30:00+00:00  61048.0  61049.0  60861.8  60878.5   879.298      -0.2476
2024-08-14 05:45:00+00:00  60878.5  60915.5  60848.9  60870.2   559.984      -0.0061
2024-08-14 06:00:00+00:00  60870.2  60873.6  60763.4  60800.5   906.507      -0.2673
2024-08-14 06:15:00+00:00  60800.4  60810.0  60588.8  60656.7  4042.225      -0.0528
2024-08-14 06:30:00+00:00  60656.6  60877.7  60652.6  60746.3  1661.349       0.3104
2024-08-14 06:45:00+00:00  60746.4  60814.6  60698.0  60753.9   840.828      -0.2165
2024-08-14 07:00:00+00:00  60753.8  60836.3  60678.0  60828.3   953.450      -0.0950
2024-08-14 07:15:00+00:00  60828.3  60849.0  60663.2  60726.5   971.845      -0.1317
2024-08-14 07:30:00+00:00  60726.4  60810.8  60676.0  60713.7   570.643       0.0997
2024-08-14 07:45:00+00:00  60713.8  60857.8  60713.8  60808.1   615.620       0.1782
2024-08-14 08:00:00+00:00  60808.0  60911.0  60800.0  60887.2   867.839       0.1335
2024-08-14 08:15:00+00:00  60887.3  60899.2  60668.6  60725.0  1567.133      -0.3718
2024-08-14 08:30:00+00:00  60724.9  60854.0  60600.0  60815.8  1564.329      -0.0030

RESPONSE 1m
                              open     high      low    close   volume  delta_share
ts                                                                                 
2024-08-14 08:10:00+00:00  60825.1  60892.5  60818.3  60855.9   74.328       0.3396
2024-08-14 08:11:00+00:00  60855.9  60869.7  60846.9  60858.3   42.253      -0.0338
2024-08-14 08:12:00+00:00  60858.3  60880.0  60843.4  60873.3   54.851       0.1726
2024-08-14 08:13:00+00:00  60873.2  60876.5  60668.6  60709.5  602.884      -0.8111
2024-08-14 08:14:00+00:00  60709.5  60730.0  60690.7  60701.9  112.455      -0.1687
2024-08-14 08:15:00+00:00  60701.9  60730.0  60701.9  60725.0   51.595       0.0657
2024-08-14 08:16:00+00:00  60724.9  60742.5  60644.3  60666.6  271.941      -0.3998
2024-08-14 08:17:00+00:00  60666.5  60666.5  60600.0  60614.2  335.340      -0.3556
2024-08-14 08:18:00+00:00  60614.2  60676.0  60614.2  60675.9  113.900       0.5529
2024-08-14 08:19:00+00:00  60676.0  60676.0  60628.5  60646.5   55.254      -0.1419
2024-08-14 08:20:00+00:00  60646.5  60679.8  60623.5  60637.3   87.704       0.2178
2024-08-14 08:21:00+00:00  60637.2  60703.2  60637.2  60697.7   67.094       0.5693
2024-08-14 08:22:00+00:00  60697.7  60708.3  60680.8  60707.9   62.823      -0.0401
2024-08-14 08:23:00+00:00  60708.0  60714.1  60666.0  60676.0   72.163      -0.0949
2024-08-14 08:24:00+00:00  60676.0  60772.0  60676.0  60759.3  123.056       0.7818
2024-08-14 08:25:00+00:00  60758.0  60788.5  60743.4  60788.5   45.183       0.1474
2024-08-14 08:26:00+00:00  60788.5  60846.0  60788.4  60823.3  118.623       0.3925
2024-08-14 08:27:00+00:00  60823.2  60840.0  60805.5  60818.1   71.771      -0.3210
2024-08-14 08:28:00+00:00  60818.0  60854.0  60818.0  60820.0   58.445       0.2033
2024-08-14 08:29:00+00:00  60820.1  60833.4  60764.2  60815.8   81.032      -0.2227
2024-08-14 08:30:00+00:00  60815.4  60826.5  60809.4  60815.8   24.369      -0.0244
2024-08-14 08:31:00+00:00  60815.9  60849.9  60815.8  60828.0   29.660       0.3364
2024-08-14 08:32:00+00:00  60828.0  60828.1  60771.1  60784.0   48.192      -0.5379
2024-08-14 08:33:00+00:00  60784.0  60828.0  60762.0  60815.9   74.239       0.6449
2024-08-14 08:34:00+00:00  60815.9  60861.5  60800.0  60861.5  232.352       0.7388
2024-08-14 08:35:00+00:00  60861.7  60915.0  60852.0  60874.0  527.277       0.4980
2024-08-14 08:36:00+00:00  60874.0  60898.8  60845.2  60892.0   43.052      -0.0095
2024-08-14 08:37:00+00:00  60890.0  60890.0  60850.0  60874.3   72.704       0.2477
2024-08-14 08:38:00+00:00  60874.3  60878.0  60854.7  60869.2   41.767      -0.3539
2024-08-14 08:39:00+00:00  60869.2  60877.0  60854.6  60868.0   34.147       0.2444
2024-08-14 08:40:00+00:00  60868.0  60875.7  60811.0  60819.0  117.097      -0.4540
2024-08-14 08:41:00+00:00  60819.0  60897.0  60818.9  60875.5  129.450       0.4381
2024-08-14 08:42:00+00:00  60875.5  60880.0  60827.4  60839.6   48.838      -0.1072
2024-08-14 08:43:00+00:00  60839.5  60846.1  60795.7  60841.3   47.858      -0.3092
2024-08-14 08:44:00+00:00  60841.3  60853.9  60834.5  60843.7   38.976      -0.4009
2024-08-14 08:45:00+00:00  60843.7  60843.7  60799.0  60828.9   36.321      -0.2055
2024-08-14 08:46:00+00:00  60828.9  60848.0  60800.0  60848.0   42.531       0.1738
2024-08-14 08:47:00+00:00  60848.0  60858.5  60833.0  60839.7   52.946       0.2611
2024-08-14 08:48:00+00:00  60839.7  60868.4  60816.0  60857.9   49.358       0.4855
2024-08-14 08:49:00+00:00  60858.0  60871.9  60828.9  60870.2   22.729       0.2565