TRADE BTCUSDT 2024-08-19 17:46:00+00:00
side: 1
source_level: 58945.4
entry: 58984.8
entry_fill: 58984.8
stop: 58750.9
target: 59262.799999999996
net_r: -0.9814609462929087
holding_minutes: 1.0
interaction_time_ns: 1724088900000000000
acceptance: 1.0
return_depth: 0.8759055118110162
return_activity: 0.3168245699425448

CONTEXT 15m
                              open     high      low    close     volume  delta_share
ts                                                                                   
2024-08-19 10:00:00+00:00  58492.1  58499.8  57929.5  57977.2  13410.954      -0.2554
2024-08-19 10:15:00+00:00  57977.3  58147.8  57750.0  58072.1   8170.980       0.0766
2024-08-19 10:30:00+00:00  58072.1  58169.7  57985.6  58125.4   2608.482       0.0176
2024-08-19 10:45:00+00:00  58125.3  58135.1  58000.0  58012.7   1712.462      -0.1577
2024-08-19 11:00:00+00:00  58012.6  58116.6  58001.3  58016.1   1152.498       0.1555
2024-08-19 11:15:00+00:00  58016.1  58157.9  57970.6  58103.3   1333.640       0.0137
2024-08-19 11:30:00+00:00  58103.3  58121.8  57943.5  57956.4   1611.587      -0.3196
2024-08-19 11:45:00+00:00  57956.5  58067.4  57950.0  58037.6   1150.286       0.2461
2024-08-19 12:00:00+00:00  58037.5  58480.0  58021.0  58360.9   4256.464       0.2278
2024-08-19 12:15:00+00:00  58360.8  58482.7  58317.3  58348.9   3043.866      -0.2283
2024-08-19 12:30:00+00:00  58348.9  58417.3  58227.0  58414.5   1343.794      -0.0321
2024-08-19 12:45:00+00:00  58414.5  58447.0  58330.0  58385.6   1132.630      -0.0482
2024-08-19 13:00:00+00:00  58385.6  58456.6  58335.2  58382.0   1115.159      -0.0580
2024-08-19 13:15:00+00:00  58382.1  58575.0  58377.1  58543.0   3044.308       0.1346
2024-08-19 13:30:00+00:00  58542.9  58940.0  58542.9  58736.3   7522.066       0.2006
2024-08-19 13:45:00+00:00  58736.4  58945.4  58511.0  58560.5   6427.703      -0.0910
2024-08-19 14:00:00+00:00  58560.4  58575.4  58019.4  58176.7   8381.525      -0.1006
2024-08-19 14:15:00+00:00  58176.7  58508.0  58040.5  58277.6   5817.606       0.0823
2024-08-19 14:30:00+00:00  58277.7  58400.0  58100.0  58220.6   4453.401      -0.1427
2024-08-19 14:45:00+00:00  58220.6  58399.4  58175.0  58290.0   1728.701       0.0484
2024-08-19 15:00:00+00:00  58290.0  58618.7  58290.0  58587.5   2922.137       0.2396
2024-08-19 15:15:00+00:00  58587.5  58721.6  58514.2  58554.1   3337.611      -0.0738
2024-08-19 15:30:00+00:00  58554.1  58685.7  58479.7  58633.5   1843.308       0.0593
2024-08-19 15:45:00+00:00  58633.5  58744.0  58543.0  58645.9   1979.489      -0.0134
2024-08-19 16:00:00+00:00  58645.9  58748.0  58504.5  58505.0   1994.301      -0.1308
2024-08-19 16:15:00+00:00  58504.5  58620.0  58422.0  58469.6   2737.775      -0.0737
2024-08-19 16:30:00+00:00  58469.5  58576.0  58431.5  58557.6   1158.330       0.1294
2024-08-19 16:45:00+00:00  58557.7  58580.0  58332.0  58416.9   1883.316      -0.2095
2024-08-19 17:00:00+00:00  58416.9  58685.7  58397.3  58670.2   1643.322       0.1881
2024-08-19 17:15:00+00:00  58670.2  58719.5  58598.7  58607.5   1509.530      -0.1976
2024-08-19 17:30:00+00:00  58607.5  58860.0  58513.2  58810.4   3770.939       0.1651
2024-08-19 17:45:00+00:00  58810.4  59262.9  58791.2  58984.8   8629.059       0.0154
2024-08-19 18:00:00+00:00  58984.8  59042.5  58981.1  59034.3    289.663       0.0892

RESPONSE 1m
                              open     high      low    close    volume  delta_share
ts                                                                                  
2024-08-19 17:27:00+00:00  58774.2  58813.1  58774.1  58804.3    91.157       0.0150
2024-08-19 17:28:00+00:00  58804.4  58840.0  58798.2  58810.9   186.878       0.1305
2024-08-19 17:29:00+00:00  58810.8  58842.4  58795.7  58812.5   156.039      -0.0485
2024-08-19 17:30:00+00:00  58812.5  58812.6  58790.8  58810.4    86.826      -0.2657
2024-08-19 17:31:00+00:00  58810.4  58834.1  58793.2  58819.1   112.824      -0.2368
2024-08-19 17:32:00+00:00  58823.4  58829.2  58791.2  58829.1   139.735      -0.4884
2024-08-19 17:33:00+00:00  58829.1  59152.7  58818.0  59066.7  1899.085       0.6002
2024-08-19 17:34:00+00:00  59066.7  59200.0  59010.1  59186.6  1529.662       0.1582
2024-08-19 17:35:00+00:00  59186.5  59262.9  59176.8  59222.2  1312.674       0.0001
2024-08-19 17:36:00+00:00  59222.2  59237.0  59164.1  59166.7   653.062      -0.4450
2024-08-19 17:37:00+00:00  59166.8  59194.0  59045.7  59100.0   680.089      -0.4512
2024-08-19 17:38:00+00:00  59099.9  59120.7  59015.7  59039.2   524.537      -0.3429
2024-08-19 17:39:00+00:00  59039.1  59157.1  59039.1  59147.6   413.600       0.0676
2024-08-19 17:40:00+00:00  59147.6  59156.9  59108.9  59121.2   174.309      -0.4110
2024-08-19 17:41:00+00:00  59121.2  59141.0  59073.3  59077.3   154.512      -0.5280
2024-08-19 17:42:00+00:00  59076.5  59080.0  58980.6  59007.1   338.925      -0.4453
2024-08-19 17:43:00+00:00  59007.1  59033.6  58943.7  58944.7   264.322      -0.3870
2024-08-19 17:44:00+00:00  58944.7  59035.7  58939.5  59006.9   225.318       0.3123
2024-08-19 17:45:00+00:00  59007.0  59019.0  58960.8  58984.8   206.405      -0.3318
2024-08-19 17:46:00+00:00  58984.8  59042.5  58981.1  59034.3   289.663       0.0892
2024-08-19 17:47:00+00:00  59034.2  59034.2  59000.2  59016.2    84.768       0.0601
2024-08-19 17:48:00+00:00  59016.2  59099.1  59016.1  59072.4   339.991       0.1984
2024-08-19 17:49:00+00:00  59072.4  59072.5  59032.6  59063.5   125.085      -0.1087
2024-08-19 17:50:00+00:00  59063.4  59063.5  59021.1  59027.6   128.590      -0.5816
2024-08-19 17:51:00+00:00  59027.5  59049.3  58835.5  58835.5   428.075      -0.7181
2024-08-19 17:52:00+00:00  58835.5  58923.6  58738.9  58903.8  1132.128       0.0595
2024-08-19 17:53:00+00:00  58903.7  58955.8  58892.6  58892.7   269.640      -0.0978
2024-08-19 17:54:00+00:00  58892.6  58930.0  58880.0  58912.7   171.956      -0.2676
2024-08-19 17:55:00+00:00  58912.7  58989.4  58912.6  58986.3   271.024       0.3285
2024-08-19 17:56:00+00:00  58986.2  59020.1  58977.3  58984.4   225.245       0.0860
2024-08-19 17:57:00+00:00  58984.4  58998.9  58961.2  58969.8    61.164      -0.3063
2024-08-19 17:58:00+00:00  58969.8  58969.8  58907.9  58913.8   132.076      -0.5162
2024-08-19 17:59:00+00:00  58913.8  58982.6  58875.3  58973.7   164.708      -0.0450
2024-08-19 18:00:00+00:00  58973.7  59022.0  58970.7  58991.0   167.275       0.0500
2024-08-19 18:01:00+00:00  58991.0  59015.4  58954.8  58962.7   173.197      -0.0353
2024-08-19 18:02:00+00:00  58962.7  58973.8  58898.6  58938.8   160.731      -0.3750
2024-08-19 18:03:00+00:00  58938.7  58975.2  58927.5  58975.2    90.032      -0.2781
2024-08-19 18:04:00+00:00  58975.1  58987.7  58950.7  58964.3    75.202      -0.1064
2024-08-19 18:05:00+00:00  58964.3  58982.7  58945.3  58950.1    60.947       0.0051
2024-08-19 18:06:00+00:00  58950.2  58970.6  58914.1  58914.1    95.857      -0.3364