TRADE BTCUSDT 2024-08-14 19:21:00+00:00
side: 1
source_level: 58668.0
entry: 58767.8
entry_fill: 58767.8
stop: 58499.9
target: 59436.09999999999
net_r: -0.9850969366647051
holding_minutes: 162.0
interaction_time_ns: 1723654200000000000
acceptance: 0.0
return_depth: 0.8700859151262637
return_activity: 1.0184597444116383

CONTEXT 15m
                              open     high      low    close     volume  delta_share
ts                                                                                   
2024-08-14 11:30:00+00:00  60876.7  61083.8  60872.0  61050.8    868.130       0.2806
2024-08-14 11:45:00+00:00  61050.8  61419.2  61015.1  61317.2   4026.687       0.1784
2024-08-14 12:00:00+00:00  61317.1  61391.3  61145.3  61260.7   2801.355      -0.2197
2024-08-14 12:15:00+00:00  61260.6  61361.6  61147.3  61194.6   2257.659       0.0330
2024-08-14 12:30:00+00:00  61194.7  61777.0  61109.0  61682.9   5810.913       0.2646
2024-08-14 12:45:00+00:00  61687.0  61839.7  60900.0  61192.7  20730.673      -0.0770
2024-08-14 13:00:00+00:00  61192.6  61268.9  60798.2  61026.8   6936.637      -0.1618
2024-08-14 13:15:00+00:00  61026.8  61131.9  60616.0  60754.5   4959.642      -0.1711
2024-08-14 13:30:00+00:00  60753.8  60887.0  60559.1  60774.8   4132.548       0.0500
2024-08-14 13:45:00+00:00  60774.9  60936.4  59979.0  60119.9  13466.299      -0.2189
2024-08-14 14:00:00+00:00  60119.9  60283.3  59440.0  59583.0  22050.851      -0.0114
2024-08-14 14:15:00+00:00  59582.9  59597.8  58773.3  59066.2  20959.000      -0.0635
2024-08-14 14:30:00+00:00  59066.2  59495.0  58914.0  59457.5  11506.648       0.1362
2024-08-14 14:45:00+00:00  59457.5  59497.0  59101.9  59235.1   8002.134      -0.0657
2024-08-14 15:00:00+00:00  59235.1  59543.0  59209.5  59468.5   4635.644       0.1705
2024-08-14 15:15:00+00:00  59468.4  59600.0  59155.1  59214.1   6471.924      -0.0388
2024-08-14 15:30:00+00:00  59214.1  59388.0  58979.0  59034.7   5320.691      -0.0957
2024-08-14 15:45:00+00:00  59034.6  59749.2  58850.0  59642.3  11037.833       0.0966
2024-08-14 16:00:00+00:00  59642.3  59810.0  59362.9  59396.9   9339.016      -0.0371
2024-08-14 16:15:00+00:00  59396.9  59422.2  59200.0  59350.1   3936.463      -0.0248
2024-08-14 16:30:00+00:00  59350.1  59350.1  58880.0  58989.9   5526.015      -0.1898
2024-08-14 16:45:00+00:00  58990.0  59064.0  58806.1  58840.2   4314.030      -0.1024
2024-08-14 17:00:00+00:00  58841.3  59259.4  58500.0  59090.5   8471.528       0.0106
2024-08-14 17:15:00+00:00  59090.5  59280.0  59000.0  59174.7   3352.705      -0.0015
2024-08-14 17:30:00+00:00  59174.6  59342.5  59061.8  59170.0   1885.512      -0.1468
2024-08-14 17:45:00+00:00  59170.1  59237.5  59011.0  59051.5   1675.682      -0.1684
2024-08-14 18:00:00+00:00  59051.5  59255.0  59051.4  59129.2   1477.737       0.0352
2024-08-14 18:15:00+00:00  59129.3  59255.0  59063.6  59158.8   1123.520      -0.0772
2024-08-14 18:30:00+00:00  59158.9  59436.2  59130.9  59212.2   1908.535       0.0455
2024-08-14 18:45:00+00:00  59212.2  59238.0  58878.9  58888.7   3715.515      -0.2913
2024-08-14 19:00:00+00:00  58888.7  59027.0  58749.9  58954.1   3022.909      -0.0209
2024-08-14 19:15:00+00:00  58954.0  59090.0  58658.7  58682.0   2624.277      -0.3196
2024-08-14 19:30:00+00:00  58681.9  58806.9  58675.3  58806.9   1097.817       0.1113

RESPONSE 1m
                              open     high      low    close    volume  delta_share
ts                                                                                  
2024-08-14 19:02:00+00:00  58969.9  59011.4  58943.0  58972.0    68.556       0.2569
2024-08-14 19:03:00+00:00  58973.9  59065.6  58973.8  59013.8   148.660       0.4684
2024-08-14 19:04:00+00:00  59013.9  59041.3  59008.3  59024.0    87.437      -0.0650
2024-08-14 19:05:00+00:00  59024.0  59068.8  59020.0  59068.8    41.657      -0.1301
2024-08-14 19:06:00+00:00  59068.8  59090.0  59053.5  59074.7   100.507       0.0602
2024-08-14 19:07:00+00:00  59074.6  59080.2  59051.5  59066.7    61.665      -0.3160
2024-08-14 19:08:00+00:00  59066.7  59066.8  59001.0  59001.0    82.035      -0.8067
2024-08-14 19:09:00+00:00  59001.1  59003.4  58942.7  58950.4    72.997      -0.4089
2024-08-14 19:10:00+00:00  58950.5  58950.5  58883.8  58895.9   200.704      -0.1120
2024-08-14 19:11:00+00:00  58896.0  58954.8  58895.9  58945.3   158.574       0.2664
2024-08-14 19:12:00+00:00  58945.4  58967.8  58934.4  58954.3    35.386      -0.3544
2024-08-14 19:13:00+00:00  58954.3  58978.8  58933.0  58944.9    86.729       0.5164
2024-08-14 19:14:00+00:00  58944.9  58950.0  58801.0  58828.4   160.257      -0.7136
2024-08-14 19:15:00+00:00  58828.3  58852.7  58658.7  58682.0  1231.305      -0.5980
2024-08-14 19:16:00+00:00  58681.9  58752.8  58675.3  58734.0   440.584       0.1194
2024-08-14 19:17:00+00:00  58734.1  58793.3  58696.1  58786.9   164.410       0.1960
2024-08-14 19:18:00+00:00  58786.9  58802.7  58728.1  58797.9   132.097       0.1459
2024-08-14 19:19:00+00:00  58798.0  58800.0  58747.1  58768.0   157.611      -0.1854
2024-08-14 19:20:00+00:00  58767.9  58776.8  58744.8  58767.8    97.571       0.0142
2024-08-14 19:21:00+00:00  58767.8  58806.9  58762.0  58806.9   105.544       0.4354
2024-08-14 19:22:00+00:00  58807.3  58848.8  58763.1  58848.7    90.084       0.2389
2024-08-14 19:23:00+00:00  58848.8  58848.8  58795.4  58808.9    64.923      -0.1754
2024-08-14 19:24:00+00:00  58808.9  58829.5  58792.6  58823.0    65.109      -0.0987
2024-08-14 19:25:00+00:00  58823.0  58857.1  58800.7  58846.3   228.418       0.2048
2024-08-14 19:26:00+00:00  58846.2  58857.8  58808.6  58857.7    91.595      -0.4668
2024-08-14 19:27:00+00:00  58857.8  58899.0  58857.7  58881.0    95.694       0.3704
2024-08-14 19:28:00+00:00  58881.0  58900.0  58846.4  58846.4    69.668      -0.0247
2024-08-14 19:29:00+00:00  58846.4  58894.4  58835.4  58894.3    94.360       0.2263
2024-08-14 19:30:00+00:00  58894.4  58914.0  58863.0  58872.2    41.909      -0.1590
2024-08-14 19:31:00+00:00  58872.1  58892.8  58828.4  58872.0    85.342      -0.2259
2024-08-14 19:32:00+00:00  58872.0  58912.6  58835.3  58866.2    70.254       0.0688
2024-08-14 19:33:00+00:00  58866.3  58906.5  58851.3  58890.1    44.629      -0.2535
2024-08-14 19:34:00+00:00  58890.0  58890.0  58824.4  58829.9   190.004      -0.5263
2024-08-14 19:35:00+00:00  58829.9  58844.0  58810.0  58822.1    79.587      -0.5461
2024-08-14 19:36:00+00:00  58822.1  58924.0  58790.1  58921.9   144.914       0.1987
2024-08-14 19:37:00+00:00  58921.9  58961.4  58918.5  58949.1   142.540       0.3560
2024-08-14 19:38:00+00:00  58949.1  58958.2  58918.4  58950.0    59.513      -0.1328
2024-08-14 19:39:00+00:00  58950.0  58955.0  58884.0  58894.7    46.355      -0.5513
2024-08-14 19:40:00+00:00  58894.8  58940.3  58872.0  58931.1    34.530      -0.0393
2024-08-14 19:41:00+00:00  58931.3  58955.0  58885.5  58921.3    64.930      -0.2541