TRADE BTCUSDT 2024-08-18 04:16:00+00:00
side: -1
source_level: 59365.9
entry: 59415.299999999996
entry_fill: 59415.299999999996
stop: 59495.200000000004
target: 59214.1
net_r: -0.9585411261964306
holding_minutes: 46.0
interaction_time_ns: 1723953600000000000
acceptance: 1.0
return_depth: 1.3252139565503207
return_activity: 0.37728783567659463

CONTEXT 15m
                              open     high      low    close     volume  delta_share
ts                                                                                   
2024-08-17 20:30:00+00:00  59458.2  59458.2  59339.4  59355.1    680.835      -0.3553
2024-08-17 20:45:00+00:00  59355.1  59398.0  59300.0  59300.1    449.005      -0.0204
2024-08-17 21:00:00+00:00  59300.0  59399.1  59300.0  59364.6    316.701       0.1710
2024-08-17 21:15:00+00:00  59364.7  59406.6  59323.6  59331.6    255.142       0.1004
2024-08-17 21:30:00+00:00  59331.6  59351.9  59160.0  59237.5   1167.917      -0.2905
2024-08-17 21:45:00+00:00  59237.5  59266.9  59122.1  59260.4    704.762      -0.0211
2024-08-17 22:00:00+00:00  59260.3  59296.5  59196.5  59279.1    317.350       0.1335
2024-08-17 22:15:00+00:00  59279.1  59320.8  59229.3  59267.0    498.402       0.0471
2024-08-17 22:30:00+00:00  59267.0  59307.0  59214.6  59252.7    316.661      -0.0841
2024-08-17 22:45:00+00:00  59252.7  59294.8  59221.8  59236.6    250.249      -0.0451
2024-08-17 23:00:00+00:00  59236.5  59307.0  59236.2  59286.7    250.881       0.0536
2024-08-17 23:15:00+00:00  59286.7  59371.0  59270.3  59361.0    413.341       0.2811
2024-08-17 23:30:00+00:00  59361.0  59393.2  59335.1  59359.7    312.472       0.0668
2024-08-17 23:45:00+00:00  59359.7  59416.0  59320.0  59357.5    490.960       0.0286
2024-08-18 00:00:00+00:00  59357.6  59474.4  59354.2  59468.5    521.999       0.2600
2024-08-18 00:15:00+00:00  59468.5  59532.0  59411.0  59411.0    945.486       0.0225
2024-08-18 00:30:00+00:00  59411.1  59547.4  59385.6  59520.6    761.935       0.1530
2024-08-18 00:45:00+00:00  59520.6  59722.6  59511.1  59664.0   2165.265       0.2493
2024-08-18 01:00:00+00:00  59664.0  59712.2  59600.0  59646.8    941.182      -0.2276
2024-08-18 01:15:00+00:00  59646.8  59663.2  59529.5  59594.2   1033.704      -0.3123
2024-08-18 01:30:00+00:00  59594.1  59617.7  59428.2  59450.1    950.078      -0.1764
2024-08-18 01:45:00+00:00  59450.1  59485.3  59426.2  59480.3    581.249       0.1383
2024-08-18 02:00:00+00:00  59480.3  59483.8  59373.0  59407.4    623.785      -0.0368
2024-08-18 02:15:00+00:00  59407.5  59446.9  59365.9  59431.3    711.620       0.1861
2024-08-18 02:30:00+00:00  59431.3  59469.1  59427.7  59460.0    346.414       0.4931
2024-08-18 02:45:00+00:00  59459.9  59702.2  59447.6  59635.5   1741.803       0.4180
2024-08-18 03:00:00+00:00  59635.4  60242.2  59601.6  60102.0  10158.486       0.1735
2024-08-18 03:15:00+00:00  60103.9  60249.8  59600.0  59701.5   7391.940      -0.1735
2024-08-18 03:30:00+00:00  59701.4  59750.0  59499.0  59586.3   2666.337      -0.0982
2024-08-18 03:45:00+00:00  59586.2  59586.2  59470.0  59504.6   1256.959      -0.1330
2024-08-18 04:00:00+00:00  59504.6  59531.8  59258.5  59308.5   2581.716      -0.1932
2024-08-18 04:15:00+00:00  59308.5  59422.0  59214.0  59416.9   2137.923       0.1130
2024-08-18 04:30:00+00:00  59416.9  59416.9  59391.4  59391.7     76.712      -0.5670

RESPONSE 1m
                              open     high      low    close   volume  delta_share
ts                                                                                 
2024-08-18 03:57:00+00:00  59409.9  59413.3  59380.0  59380.6  168.354      -0.3247
2024-08-18 03:58:00+00:00  59380.6  59389.8  59380.6  59388.0   92.469      -0.0597
2024-08-18 03:59:00+00:00  59388.0  59388.0  59258.5  59286.0  670.576      -0.4117
2024-08-18 04:00:00+00:00  59286.0  59320.0  59276.2  59308.5  248.782       0.1937
2024-08-18 04:01:00+00:00  59308.5  59314.9  59214.0  59253.1  473.035      -0.3529
2024-08-18 04:02:00+00:00  59253.2  59344.9  59253.2  59332.9  231.900       0.5077
2024-08-18 04:03:00+00:00  59333.0  59333.0  59283.4  59297.7   95.519      -0.0423
2024-08-18 04:04:00+00:00  59297.7  59329.2  59295.0  59329.2  101.021       0.2574
2024-08-18 04:05:00+00:00  59329.2  59358.2  59313.2  59352.1  222.499       0.3115
2024-08-18 04:06:00+00:00  59352.1  59387.3  59338.0  59382.7  159.914       0.4725
2024-08-18 04:07:00+00:00  59382.6  59389.8  59368.3  59389.8   91.362       0.3814
2024-08-18 04:08:00+00:00  59389.8  59418.0  59389.7  59413.8  198.829       0.3286
2024-08-18 04:09:00+00:00  59413.7  59418.0  59373.0  59387.3  161.440      -0.3670
2024-08-18 04:10:00+00:00  59387.3  59404.2  59375.8  59404.1   78.672       0.4682
2024-08-18 04:11:00+00:00  59404.1  59408.0  59393.6  59400.0   66.757       0.3277
2024-08-18 04:12:00+00:00  59400.0  59400.0  59367.0  59367.1   73.234      -0.5593
2024-08-18 04:13:00+00:00  59367.0  59399.8  59367.0  59399.8   56.861       0.4376
2024-08-18 04:14:00+00:00  59399.8  59420.8  59399.8  59415.4   77.910       0.3030
2024-08-18 04:15:00+00:00  59415.3  59422.0  59411.7  59416.9   48.970       0.3428
2024-08-18 04:16:00+00:00  59416.9  59416.9  59391.4  59391.7   76.712      -0.5670
2024-08-18 04:17:00+00:00  59391.7  59391.7  59364.6  59370.5   44.763      -0.2052
2024-08-18 04:18:00+00:00  59370.5  59424.3  59355.2  59424.3   72.698       0.3562
2024-08-18 04:19:00+00:00  59424.3  59462.4  59424.2  59449.4  179.489       0.4596
2024-08-18 04:20:00+00:00  59449.4  59469.8  59437.7  59437.8  121.894       0.0962
2024-08-18 04:21:00+00:00  59437.7  59443.4  59412.1  59412.2   90.683      -0.3075
2024-08-18 04:22:00+00:00  59412.1  59412.1  59367.8  59367.8   55.738      -0.5579
2024-08-18 04:23:00+00:00  59367.8  59397.3  59367.2  59397.3   46.407       0.3897
2024-08-18 04:24:00+00:00  59399.9  59410.1  59372.2  59387.4   63.220      -0.6513
2024-08-18 04:25:00+00:00  59387.5  59398.4  59381.1  59381.1   20.816      -0.0846
2024-08-18 04:26:00+00:00  59381.2  59381.2  59322.2  59341.1  122.092      -0.7817
2024-08-18 04:27:00+00:00  59341.1  59360.7  59328.9  59356.0   74.051      -0.1471
2024-08-18 04:28:00+00:00  59356.0  59361.9  59334.7  59337.1   49.528      -0.3978
2024-08-18 04:29:00+00:00  59337.0  59345.9  59294.6  59330.1  116.993       0.0102
2024-08-18 04:30:00+00:00  59330.1  59339.9  59330.0  59330.0   42.709       0.2421
2024-08-18 04:31:00+00:00  59330.0  59330.1  59275.5  59289.0  134.656      -0.3303
2024-08-18 04:32:00+00:00  59288.9  59327.8  59286.0  59325.8   73.437       0.1008
2024-08-18 04:33:00+00:00  59325.9  59339.9  59316.1  59339.9   48.919       0.2068
2024-08-18 04:34:00+00:00  59339.9  59366.2  59339.8  59364.9   52.544       0.5443
2024-08-18 04:35:00+00:00  59365.0  59379.7  59358.0  59358.1   61.327       0.0820
2024-08-18 04:36:00+00:00  59358.1  59363.1  59346.1  59363.0   29.033       0.1062