TRADE BTCUSDT 2024-08-16 07:04:00+00:00
side: 1
source_level: 58494.899999999994
entry: 58432.4
entry_fill: 58432.4
stop: 58348.0
target: 58619.8
net_r: -0.9685229285273379
holding_minutes: 15.0
interaction_time_ns: 1723791000000000000
acceptance: 1.0
return_depth: 1.4999999999999127
return_activity: 0.31965733277923103

CONTEXT 15m
                              open     high      low    close     volume  delta_share
ts                                                                                   
2024-08-15 23:15:00+00:00  57550.0  57640.0  57447.4  57625.9   1374.633      -0.1435
2024-08-15 23:30:00+00:00  57626.0  57723.4  57546.9  57691.2   1505.290       0.0461
2024-08-15 23:45:00+00:00  57691.2  57789.0  57590.1  57600.1   2143.851      -0.0327
2024-08-16 00:00:00+00:00  57600.2  57637.5  57464.4  57511.0   1395.586      -0.0491
2024-08-16 00:15:00+00:00  57511.1  57551.6  57422.9  57463.1   2213.354       0.0545
2024-08-16 00:30:00+00:00  57463.0  57642.1  57342.9  57377.9   2305.257      -0.0609
2024-08-16 00:45:00+00:00  57377.8  57479.5  57326.5  57381.7   1414.509      -0.0617
2024-08-16 01:00:00+00:00  57381.8  57527.5  57360.0  57438.3    882.894       0.0618
2024-08-16 01:15:00+00:00  57438.3  57592.4  57330.0  57340.9   2211.887      -0.3330
2024-08-16 01:30:00+00:00  57340.8  57365.3  57062.1  57140.0   3283.616      -0.2564
2024-08-16 01:45:00+00:00  57140.0  57366.6  57126.8  57334.8   1731.240       0.1485
2024-08-16 02:00:00+00:00  57334.8  57518.4  57180.6  57515.3   2379.475       0.3187
2024-08-16 02:15:00+00:00  57515.3  57566.2  57295.3  57381.3   1564.489      -0.1605
2024-08-16 02:30:00+00:00  57381.3  57799.1  57322.2  57737.4   3448.136       0.3720
2024-08-16 02:45:00+00:00  57737.2  58494.9  57717.2  58107.9  11593.278       0.1605
2024-08-16 03:00:00+00:00  58108.0  58176.0  57958.1  58168.5   2018.866      -0.0250
2024-08-16 03:15:00+00:00  58168.4  58180.0  58048.0  58082.5   1794.897      -0.1932
2024-08-16 03:30:00+00:00  58082.5  58188.0  57967.0  58067.9   2461.185      -0.0996
2024-08-16 03:45:00+00:00  58068.0  58068.0  57875.6  57895.6   1577.747      -0.2198
2024-08-16 04:00:00+00:00  57894.2  57894.2  57770.0  57858.1   1728.057      -0.1849
2024-08-16 04:15:00+00:00  57858.1  57963.0  57771.1  57827.0   1832.111       0.0450
2024-08-16 04:30:00+00:00  57827.0  58119.9  57766.3  58086.1   2139.014       0.2256
2024-08-16 04:45:00+00:00  58086.1  58144.8  58022.5  58122.0   1116.877       0.0994
2024-08-16 05:00:00+00:00  58122.0  58288.0  58046.3  58279.2   2008.610       0.1589
2024-08-16 05:15:00+00:00  58279.2  58300.0  58137.0  58183.2   1327.311      -0.3065
2024-08-16 05:30:00+00:00  58183.3  58264.8  58078.9  58142.6   1308.398      -0.1603
2024-08-16 05:45:00+00:00  58142.6  58258.7  58133.7  58212.8    784.694       0.1452
2024-08-16 06:00:00+00:00  58212.8  58256.2  58153.3  58157.3    854.394      -0.1528
2024-08-16 06:15:00+00:00  58157.2  58299.0  58024.6  58243.7   1977.378       0.0860
2024-08-16 06:30:00+00:00  58243.7  58380.3  58177.4  58282.1   1801.608       0.1716
2024-08-16 06:45:00+00:00  58282.0  58450.0  58282.0  58371.1   2292.061       0.0923
2024-08-16 07:00:00+00:00  58371.0  58619.9  58371.0  58495.1   3463.462       0.0293
2024-08-16 07:15:00+00:00  58495.1  58523.9  58402.3  58438.2    635.667      -0.3215

RESPONSE 1m
                              open     high      low    close   volume  delta_share
ts                                                                                 
2024-08-16 06:45:00+00:00  58367.5  58393.4  58364.5  58371.1   67.047       0.2131
2024-08-16 06:46:00+00:00  58371.0  58431.0  58371.0  58427.8   84.517       0.2008
2024-08-16 06:47:00+00:00  58427.8  58470.0  58409.4  58446.2  280.960       0.3672
2024-08-16 06:48:00+00:00  58446.2  58470.1  58440.1  58465.0  223.690       0.1251
2024-08-16 06:49:00+00:00  58464.9  58549.6  58464.9  58536.9  785.609       0.3852
2024-08-16 06:50:00+00:00  58537.0  58566.6  58527.4  58539.8  319.941       0.1189
2024-08-16 06:51:00+00:00  58539.7  58588.0  58530.0  58573.1  299.990      -0.0696
2024-08-16 06:52:00+00:00  58573.1  58619.9  58542.4  58564.0  496.111      -0.1475
2024-08-16 06:53:00+00:00  58563.9  58576.9  58500.0  58532.7  249.427      -0.2973
2024-08-16 06:54:00+00:00  58532.6  58548.0  58495.0  58508.1   94.510      -0.5273
2024-08-16 06:55:00+00:00  58508.0  58548.0  58500.0  58538.9  180.348       0.1015
2024-08-16 06:56:00+00:00  58538.8  58544.8  58536.8  58540.6   64.314       0.0729
2024-08-16 06:57:00+00:00  58540.7  58548.6  58540.6  58543.3   37.707      -0.0418
2024-08-16 06:58:00+00:00  58543.3  58543.4  58490.0  58505.4  141.058      -0.6736
2024-08-16 06:59:00+00:00  58505.4  58508.0  58460.2  58484.7  139.388      -0.5311
2024-08-16 07:00:00+00:00  58484.8  58499.3  58466.2  58495.1   65.892      -0.3269
2024-08-16 07:01:00+00:00  58495.1  58523.9  58452.5  58452.6  172.962      -0.0650
2024-08-16 07:02:00+00:00  58452.5  58466.8  58432.4  58432.4  100.302      -0.3359
2024-08-16 07:03:00+00:00  58432.4  58460.0  58402.3  58417.3  255.012      -0.4591
2024-08-16 07:04:00+00:00  58417.2  58448.3  58403.7  58438.2  107.391      -0.3941
2024-08-16 07:05:00+00:00  58438.3  58450.0  58420.0  58433.4   59.095      -0.1784
2024-08-16 07:06:00+00:00  58433.3  58457.0  58420.0  58420.0  113.588      -0.2597
2024-08-16 07:07:00+00:00  58420.1  58457.0  58405.7  58450.9  112.675      -0.1165
2024-08-16 07:08:00+00:00  58451.0  58451.0  58426.8  58438.9   59.389      -0.0291
2024-08-16 07:09:00+00:00  58438.9  58439.0  58368.1  58403.2  147.749      -0.5567
2024-08-16 07:10:00+00:00  58403.2  58427.6  58403.2  58427.5   53.797      -0.2891
2024-08-16 07:11:00+00:00  58427.6  58445.0  58422.0  58444.8   41.753       0.0618
2024-08-16 07:12:00+00:00  58444.8  58477.8  58444.8  58472.6  107.049       0.2951
2024-08-16 07:13:00+00:00  58472.6  58472.6  58405.5  58436.5   93.516      -0.6342
2024-08-16 07:14:00+00:00  58436.5  58450.0  58414.4  58415.7   66.193      -0.0070
2024-08-16 07:15:00+00:00  58415.7  58415.8  58356.1  58364.1  121.898      -0.4155
2024-08-16 07:16:00+00:00  58364.2  58393.8  58355.1  58375.8   67.470      -0.2693
2024-08-16 07:17:00+00:00  58375.7  58410.0  58353.0  58410.0  184.951      -0.4773
2024-08-16 07:18:00+00:00  58410.0  58416.8  58409.9  58414.9   28.779       0.2937
2024-08-16 07:19:00+00:00  58414.9  58414.9  58351.1  58362.5  149.867      -0.7055
2024-08-16 07:20:00+00:00  58362.4  58362.5  58333.9  58349.9   97.580      -0.4574
2024-08-16 07:21:00+00:00  58349.9  58379.7  58333.4  58379.6  107.224      -0.3385
2024-08-16 07:22:00+00:00  58379.6  58379.7  58338.8  58350.6   76.331       0.0037
2024-08-16 07:23:00+00:00  58350.6  58354.7  58300.0  58300.0  116.314      -0.7383
2024-08-16 07:24:00+00:00  58300.0  58348.0  58279.3  58348.0  179.347       0.1412