TRADE BTCUSDT 2024-08-19 13:10:00+00:00
side: -1
source_level: 58339.8
entry: 58533.100000000006
entry_fill: 58533.100000000006
stop: 58584.299999999996
target: 58467.5
net_r: -0.9401028842256456
holding_minutes: 5.0
interaction_time_ns: 1724061000000000000
acceptance: 1.0
return_depth: 1.3277382163445268
return_activity: 0.44563843643943696

CONTEXT 15m
                              open     high      low    close     volume  delta_share
ts                                                                                   
2024-08-19 05:15:00+00:00  58476.3  58489.7  58450.0  58454.4    323.356       0.1243
2024-08-19 05:30:00+00:00  58454.5  58489.2  58381.3  58409.6   1015.189      -0.1609
2024-08-19 05:45:00+00:00  58409.7  58567.0  58339.8  58516.5   1656.694       0.2276
2024-08-19 06:00:00+00:00  58516.4  58516.4  58362.5  58447.0    982.159       0.0174
2024-08-19 06:15:00+00:00  58446.9  58482.4  58350.0  58373.0   1189.936      -0.1180
2024-08-19 06:30:00+00:00  58373.0  58497.2  58368.1  58463.7    782.672       0.2706
2024-08-19 06:45:00+00:00  58463.6  58580.0  58450.3  58570.0    781.753       0.3253
2024-08-19 07:00:00+00:00  58570.1  58634.3  58524.2  58539.9   1108.429       0.0848
2024-08-19 07:15:00+00:00  58539.9  58724.8  58515.0  58657.9   1856.055       0.0536
2024-08-19 07:30:00+00:00  58657.9  58673.1  58502.3  58516.6   1281.839      -0.0870
2024-08-19 07:45:00+00:00  58516.6  58617.8  58503.4  58593.5    636.051       0.2138
2024-08-19 08:00:00+00:00  58593.5  58611.5  58467.6  58475.5    945.390      -0.3625
2024-08-19 08:15:00+00:00  58475.5  58562.5  58400.0  58515.2   1700.296       0.0128
2024-08-19 08:30:00+00:00  58515.2  58599.2  58515.2  58583.9    688.380       0.1939
2024-08-19 08:45:00+00:00  58583.9  58628.5  58535.2  58553.3    752.252      -0.0820
2024-08-19 09:00:00+00:00  58553.4  58604.0  58492.1  58580.0    734.624      -0.0250
2024-08-19 09:15:00+00:00  58580.0  58643.9  58549.3  58605.7    693.360       0.0805
2024-08-19 09:30:00+00:00  58605.8  58627.5  58546.0  58597.9    421.946      -0.1012
2024-08-19 09:45:00+00:00  58597.9  58648.7  58520.6  58531.9    640.900      -0.1079
2024-08-19 10:00:00+00:00  58531.9  58531.9  57929.5  57977.2  13592.665      -0.2604
2024-08-19 10:15:00+00:00  57977.3  58147.8  57750.0  58072.1   8170.980       0.0766
2024-08-19 10:30:00+00:00  58072.1  58169.7  57985.6  58125.4   2608.482       0.0176
2024-08-19 10:45:00+00:00  58125.3  58135.1  58000.0  58012.7   1712.462      -0.1577
2024-08-19 11:00:00+00:00  58012.6  58116.6  58001.3  58016.1   1152.498       0.1555
2024-08-19 11:15:00+00:00  58016.1  58157.9  57970.6  58103.3   1333.640       0.0137
2024-08-19 11:30:00+00:00  58103.3  58121.8  57943.5  57956.4   1611.587      -0.3196
2024-08-19 11:45:00+00:00  57956.5  58067.4  57950.0  58037.6   1150.286       0.2461
2024-08-19 12:00:00+00:00  58037.5  58480.0  58021.0  58360.9   4256.464       0.2278
2024-08-19 12:15:00+00:00  58360.8  58482.7  58317.3  58348.9   3043.866      -0.2283
2024-08-19 12:30:00+00:00  58348.9  58417.3  58227.0  58414.5   1343.794      -0.0321
2024-08-19 12:45:00+00:00  58414.5  58447.0  58330.0  58385.6   1132.630      -0.0482
2024-08-19 13:00:00+00:00  58385.6  58456.6  58335.2  58382.0   1115.159      -0.0580
2024-08-19 13:15:00+00:00  58382.1  58559.7  58377.1  58508.0   2035.263       0.2492

RESPONSE 1m
                              open     high      low    close    volume  delta_share
ts                                                                                  
2024-08-19 12:51:00+00:00  58390.3  58428.9  58390.0  58414.6    91.064       0.1255
2024-08-19 12:52:00+00:00  58414.6  58427.3  58387.0  58420.3    79.796      -0.1348
2024-08-19 12:53:00+00:00  58420.4  58421.6  58402.7  58417.1    57.642       0.0599
2024-08-19 12:54:00+00:00  58417.0  58428.0  58411.4  58425.9    80.152      -0.3427
2024-08-19 12:55:00+00:00  58425.9  58433.7  58418.0  58423.2    72.692       0.2462
2024-08-19 12:56:00+00:00  58423.3  58456.6  58418.5  58428.0   107.632       0.2482
2024-08-19 12:57:00+00:00  58428.0  58428.1  58381.6  58384.4    45.586      -0.4826
2024-08-19 12:58:00+00:00  58384.3  58397.5  58382.1  58391.2    37.435       0.2804
2024-08-19 12:59:00+00:00  58391.2  58415.2  58385.5  58408.5    27.223      -0.2736
2024-08-19 13:00:00+00:00  58408.5  58408.6  58373.2  58382.0    26.980      -0.5438
2024-08-19 13:01:00+00:00  58382.1  58394.0  58377.1  58387.1    22.710      -0.1435
2024-08-19 13:02:00+00:00  58387.1  58422.0  58382.4  58420.0    61.620       0.1539
2024-08-19 13:03:00+00:00  58419.9  58435.0  58419.9  58426.9    68.289       0.0478
2024-08-19 13:04:00+00:00  58426.9  58475.0  58426.9  58449.3   305.362       0.1763
2024-08-19 13:05:00+00:00  58449.2  58470.0  58449.2  58467.4   151.023       0.2822
2024-08-19 13:06:00+00:00  58467.4  58498.7  58467.4  58493.9   178.190       0.5680
2024-08-19 13:07:00+00:00  58494.0  58494.0  58477.1  58478.0   103.538      -0.2984
2024-08-19 13:08:00+00:00  58478.1  58548.9  58478.0  58533.1   484.893       0.6110
2024-08-19 13:09:00+00:00  58533.1  58557.7  58519.5  58557.7   384.067       0.3315
2024-08-19 13:10:00+00:00  58557.7  58559.7  58508.0  58508.0   275.571      -0.3360
2024-08-19 13:11:00+00:00  58508.0  58540.0  58500.0  58500.0   138.822      -0.1933
2024-08-19 13:12:00+00:00  58500.1  58545.9  58500.0  58545.9   268.391       0.1064
2024-08-19 13:13:00+00:00  58545.9  58557.0  58520.0  58543.5   291.412      -0.2951
2024-08-19 13:14:00+00:00  58543.6  58575.0  58543.5  58560.0   190.743       0.1194
2024-08-19 13:15:00+00:00  58559.9  58560.0  58536.9  58543.0   119.677      -0.2996
2024-08-19 13:16:00+00:00  58542.9  58602.0  58542.9  58595.3   351.176       0.5200
2024-08-19 13:17:00+00:00  58595.2  58680.0  58595.2  58652.5   654.260       0.5056
2024-08-19 13:18:00+00:00  58652.5  58687.0  58633.3  58660.6   333.501       0.1747
2024-08-19 13:19:00+00:00  58660.6  58940.0  58651.9  58852.0  2240.848       0.4002
2024-08-19 13:20:00+00:00  58851.9  58866.6  58765.0  58803.5   659.024      -0.2388
2024-08-19 13:21:00+00:00  58803.5  58887.5  58765.6  58765.6   539.489       0.0860
2024-08-19 13:22:00+00:00  58765.3  58835.2  58757.6  58816.2   386.909       0.1024
2024-08-19 13:23:00+00:00  58816.2  58840.0  58801.3  58835.7   241.214      -0.0412
2024-08-19 13:24:00+00:00  58835.8  58841.9  58761.0  58761.0   240.371      -0.5612
2024-08-19 13:25:00+00:00  58761.0  58802.0  58700.1  58792.6   784.670       0.1691
2024-08-19 13:26:00+00:00  58792.6  58803.2  58702.9  58705.9   311.837      -0.2544
2024-08-19 13:27:00+00:00  58705.9  58750.2  58703.0  58737.0   344.484       0.4344
2024-08-19 13:28:00+00:00  58737.1  58750.0  58727.7  58729.0    80.518      -0.0353
2024-08-19 13:29:00+00:00  58729.0  58754.8  58700.0  58745.3   269.117       0.2224
2024-08-19 13:30:00+00:00  58745.3  58745.4  58707.2  58736.3    84.648      -0.0453