TRADE BTCUSDT 2024-08-18 14:55:00+00:00
side: 1
source_level: 59705.6
entry: 59740.1
entry_fill: 59740.1
stop: 59629.2
target: 59914.90000000001
net_r: 0.9029633384719826
holding_minutes: 81.0
interaction_time_ns: 1723992000000000000
acceptance: 0.0
return_depth: 0.8352435530086029
return_activity: 0.7192870999703642

CONTEXT 15m
                              open     high      low    close    volume  delta_share
ts                                                                                  
2024-08-18 07:00:00+00:00  59570.0  59581.0  59553.9  59563.6    68.047      -0.2742
2024-08-18 07:15:00+00:00  59563.5  59625.6  59530.4  59625.5   457.896       0.1933
2024-08-18 07:30:00+00:00  59625.5  59625.5  59527.0  59577.8   337.585      -0.0803
2024-08-18 07:45:00+00:00  59577.9  59616.5  59540.1  59609.5   443.671       0.1030
2024-08-18 08:00:00+00:00  59609.4  59619.1  59479.0  59545.4   831.631      -0.3498
2024-08-18 08:15:00+00:00  59545.5  59545.5  59401.1  59512.8  1395.978      -0.0979
2024-08-18 08:30:00+00:00  59512.8  59522.1  59450.0  59518.0   412.227      -0.2111
2024-08-18 08:45:00+00:00  59518.0  59619.0  59507.8  59614.9   994.480       0.1996
2024-08-18 09:00:00+00:00  59615.0  59691.0  59592.0  59675.6   936.150       0.2018
2024-08-18 09:15:00+00:00  59675.7  59767.1  59638.2  59746.9  1243.685       0.1938
2024-08-18 09:30:00+00:00  59746.8  59858.3  59632.8  59654.9  2189.025       0.0245
2024-08-18 09:45:00+00:00  59655.0  59709.0  59618.5  59695.5   835.367      -0.1310
2024-08-18 10:00:00+00:00  59695.5  60099.7  59695.5  59850.0  4717.084       0.1340
2024-08-18 10:15:00+00:00  59849.9  60064.1  59849.9  59934.6  2527.253       0.0874
2024-08-18 10:30:00+00:00  59934.6  60177.4  59930.3  60074.5  3224.089       0.0056
2024-08-18 10:45:00+00:00  60074.6  60109.1  59943.5  60054.5  1679.735      -0.1079
2024-08-18 11:00:00+00:00  60054.5  60055.5  59786.5  59832.2  3062.733      -0.1768
2024-08-18 11:15:00+00:00  59832.2  59977.0  59822.4  59934.0  1380.558       0.2206
2024-08-18 11:30:00+00:00  59934.0  59950.9  59832.1  59850.0  1001.510      -0.0279
2024-08-18 11:45:00+00:00  59850.0  59850.1  59705.6  59750.0  1906.345      -0.3735
2024-08-18 12:00:00+00:00  59750.1  60012.6  59745.3  59991.3  2427.847       0.4172
2024-08-18 12:15:00+00:00  59991.3  60047.1  59927.0  59954.0  1210.521      -0.2159
2024-08-18 12:30:00+00:00  59953.9  60085.5  59854.9  60079.9  1138.629       0.0029
2024-08-18 12:45:00+00:00  60079.9  60198.8  60040.8  60164.2  2086.094       0.2600
2024-08-18 13:00:00+00:00  60163.8  60250.0  59935.6  59944.7  2458.941      -0.0878
2024-08-18 13:15:00+00:00  59944.7  60199.0  59911.0  60120.1  1773.954       0.2163
2024-08-18 13:30:00+00:00  60120.0  60143.8  60029.3  60036.5   837.812      -0.1934
2024-08-18 13:45:00+00:00  60036.4  60123.0  60025.1  60061.6   823.406       0.0424
2024-08-18 14:00:00+00:00  60061.5  60061.6  59786.7  59794.1  2562.630      -0.3301
2024-08-18 14:15:00+00:00  59794.2  59870.0  59784.1  59807.0  1490.139      -0.1546
2024-08-18 14:30:00+00:00  59807.0  59942.0  59803.5  59818.7  1356.176       0.0254
2024-08-18 14:45:00+00:00  59818.7  59890.0  59629.3  59890.0  2616.920      -0.1993
2024-08-18 15:00:00+00:00  59890.0  59915.0  59721.4  59775.3   933.920      -0.1250

RESPONSE 1m
                              open     high      low    close   volume  delta_share
ts                                                                                 
2024-08-18 14:36:00+00:00  59769.1  59774.8  59726.2  59730.1  252.027      -0.6078
2024-08-18 14:37:00+00:00  59730.0  59730.0  59629.3  59629.4  636.037      -0.5613
2024-08-18 14:38:00+00:00  59629.3  59714.6  59629.3  59711.2  287.738       0.1185
2024-08-18 14:39:00+00:00  59711.3  59738.4  59711.2  59730.3   91.588       0.1288
2024-08-18 14:40:00+00:00  59730.4  59764.2  59723.6  59733.6   86.317       0.3965
2024-08-18 14:41:00+00:00  59733.6  59779.3  59733.5  59769.5   71.564       0.4329
2024-08-18 14:42:00+00:00  59769.4  59811.8  59769.4  59797.8  137.122       0.3892
2024-08-18 14:43:00+00:00  59797.7  59804.4  59794.0  59798.9   69.929      -0.0675
2024-08-18 14:44:00+00:00  59798.9  59859.3  59794.1  59859.3  166.806       0.6319
2024-08-18 14:45:00+00:00  59859.2  59890.0  59859.2  59890.0  178.260      -0.0170
2024-08-18 14:46:00+00:00  59890.0  59915.0  59890.0  59900.1  153.214       0.2128
2024-08-18 14:47:00+00:00  59900.2  59907.0  59842.1  59842.2   92.401      -0.3738
2024-08-18 14:48:00+00:00  59842.2  59858.1  59825.2  59858.1   64.248      -0.0757
2024-08-18 14:49:00+00:00  59858.1  59862.1  59825.9  59846.5   60.725      -0.1977
2024-08-18 14:50:00+00:00  59846.5  59846.6  59826.0  59833.2   27.957      -0.3526
2024-08-18 14:51:00+00:00  59833.1  59836.8  59815.1  59818.7   81.185      -0.3263
2024-08-18 14:52:00+00:00  59818.8  59828.0  59784.2  59786.6   91.834      -0.6092
2024-08-18 14:53:00+00:00  59786.6  59787.4  59755.3  59769.0  129.192      -0.2675
2024-08-18 14:54:00+00:00  59769.0  59777.4  59738.5  59740.1   80.293      -0.4296
2024-08-18 14:55:00+00:00  59740.1  59775.3  59721.4  59775.3  152.871       0.4145
2024-08-18 14:56:00+00:00  59775.2  59796.4  59755.0  59780.7   61.869       0.2141
2024-08-18 14:57:00+00:00  59780.7  59811.2  59780.6  59804.7   62.034       0.7571
2024-08-18 14:58:00+00:00  59804.6  59809.5  59782.0  59800.0   35.163      -0.4171
2024-08-18 14:59:00+00:00  59799.9  59810.4  59777.6  59777.7   37.269       0.3191
2024-08-18 15:00:00+00:00  59777.7  59800.0  59777.0  59777.1   19.489       0.0709
2024-08-18 15:01:00+00:00  59777.0  59789.0  59750.0  59750.0   52.397      -0.3107
2024-08-18 15:02:00+00:00  59750.0  59750.1  59730.8  59730.8   41.023      -0.7252
2024-08-18 15:03:00+00:00  59730.9  59743.2  59714.9  59733.4   88.606       0.2268
2024-08-18 15:04:00+00:00  59733.3  59734.7  59705.2  59705.3   44.848      -0.3820
2024-08-18 15:05:00+00:00  59705.2  59745.3  59698.8  59731.8   90.589       0.4003
2024-08-18 15:06:00+00:00  59731.9  59741.0  59720.0  59724.5   46.504      -0.0622
2024-08-18 15:07:00+00:00  59724.6  59734.4  59693.1  59693.1   53.521      -0.3750
2024-08-18 15:08:00+00:00  59693.1  59714.0  59683.4  59693.1   63.006       0.1859
2024-08-18 15:09:00+00:00  59693.2  59693.2  59678.0  59679.9   41.793      -0.1861
2024-08-18 15:10:00+00:00  59679.9  59692.9  59670.5  59673.5   50.757      -0.1206
2024-08-18 15:11:00+00:00  59673.5  59699.0  59668.0  59690.0   87.336       0.0397
2024-08-18 15:12:00+00:00  59690.1  59704.8  59689.7  59704.8   91.763       0.1564
2024-08-18 15:13:00+00:00  59704.8  59735.5  59704.7  59735.5   62.132       0.7408
2024-08-18 15:14:00+00:00  59735.5  59735.5  59710.2  59710.2   43.098       0.0125
2024-08-18 15:15:00+00:00  59710.3  59739.0  59710.0  59739.0   30.417       0.3051