TRADE BTCUSDT 2024-08-14 12:07:00+00:00
side: 1
source_level: 61299.100000000006
entry: 61235.399999999994
entry_fill: 61235.399999999994
stop: 61106.100000000006
target: 61419.1
net_r: 0.8469787458433495
holding_minutes: 9.0
interaction_time_ns: 1723635900000000000
acceptance: 1.0
return_depth: 1.5303913405496776
return_activity: 0.37548116555174876

CONTEXT 15m
                              open     high      low    close    volume  delta_share
ts                                                                                  
2024-08-14 04:15:00+00:00  60879.3  61013.8  60864.0  61005.8   735.624       0.2426
2024-08-14 04:30:00+00:00  61005.7  61115.9  60859.0  61113.5  1057.598       0.0190
2024-08-14 04:45:00+00:00  61113.5  61131.2  60981.6  61013.7  1055.386      -0.1174
2024-08-14 05:00:00+00:00  61013.6  61068.7  60876.4  60913.3   744.898      -0.1710
2024-08-14 05:15:00+00:00  60913.3  61048.0  60830.0  61048.0  1007.065       0.0970
2024-08-14 05:30:00+00:00  61048.0  61049.0  60861.8  60878.5   879.298      -0.2476
2024-08-14 05:45:00+00:00  60878.5  60915.5  60848.9  60870.2   559.984      -0.0061
2024-08-14 06:00:00+00:00  60870.2  60873.6  60763.4  60800.5   906.507      -0.2673
2024-08-14 06:15:00+00:00  60800.4  60810.0  60588.8  60656.7  4042.225      -0.0528
2024-08-14 06:30:00+00:00  60656.6  60877.7  60652.6  60746.3  1661.349       0.3104
2024-08-14 06:45:00+00:00  60746.4  60814.6  60698.0  60753.9   840.828      -0.2165
2024-08-14 07:00:00+00:00  60753.8  60836.3  60678.0  60828.3   953.450      -0.0950
2024-08-14 07:15:00+00:00  60828.3  60849.0  60663.2  60726.5   971.845      -0.1317
2024-08-14 07:30:00+00:00  60726.4  60810.8  60676.0  60713.7   570.643       0.0997
2024-08-14 07:45:00+00:00  60713.8  60857.8  60713.8  60808.1   615.620       0.1782
2024-08-14 08:00:00+00:00  60808.0  60911.0  60800.0  60887.2   867.839       0.1335
2024-08-14 08:15:00+00:00  60887.3  60899.2  60668.6  60725.0  1567.133      -0.3718
2024-08-14 08:30:00+00:00  60724.9  60854.0  60600.0  60815.8  1588.698      -0.0033
2024-08-14 08:45:00+00:00  60815.9  60915.0  60762.0  60828.9  1521.930       0.2876
2024-08-14 09:00:00+00:00  60828.9  60871.9  60800.0  60859.8   514.764       0.1390
2024-08-14 09:15:00+00:00  60859.8  60951.0  60785.2  60827.6  1054.178      -0.0164
2024-08-14 09:30:00+00:00  60827.5  60877.9  60758.4  60877.9   919.652      -0.0026
2024-08-14 09:45:00+00:00  60877.9  60911.9  60802.0  60814.1   692.424       0.2008
2024-08-14 10:00:00+00:00  60814.1  60860.0  60794.6  60819.9   491.328      -0.1998
2024-08-14 10:15:00+00:00  60819.9  61080.2  60800.0  60984.3  2469.901       0.1492
2024-08-14 10:30:00+00:00  60984.3  61179.4  60963.1  61156.1  2373.247       0.0844
2024-08-14 10:45:00+00:00  61156.1  61299.1  61097.0  61268.1  2696.224       0.1499
2024-08-14 11:00:00+00:00  61268.1  61270.9  61054.5  61064.9  2126.716      -0.2370
2024-08-14 11:15:00+00:00  61065.0  61080.5  60841.7  60943.5  2832.641      -0.0511
2024-08-14 11:30:00+00:00  60943.5  61083.8  60870.0  61050.8  1580.521       0.2068
2024-08-14 11:45:00+00:00  61050.8  61419.2  61015.1  61317.2  4026.687       0.1784
2024-08-14 12:00:00+00:00  61317.1  61391.3  61145.3  61260.7  2801.355      -0.2197
2024-08-14 12:15:00+00:00  61260.6  61321.9  61201.8  61296.0  1092.380       0.1975

RESPONSE 1m
                              open     high      low    close   volume  delta_share
ts                                                                                 
2024-08-14 11:48:00+00:00  61313.0  61348.0  61284.6  61345.9  219.806      -0.1410
2024-08-14 11:49:00+00:00  61345.9  61391.3  61334.6  61380.0  218.794       0.3310
2024-08-14 11:50:00+00:00  61379.9  61386.0  61320.3  61323.8  109.323      -0.3795
2024-08-14 11:51:00+00:00  61323.8  61340.0  61294.5  61304.0  114.038      -0.5621
2024-08-14 11:52:00+00:00  61304.0  61339.6  61288.0  61320.9  121.096      -0.3449
2024-08-14 11:53:00+00:00  61320.8  61352.7  61320.8  61327.5   81.148      -0.0566
2024-08-14 11:54:00+00:00  61327.6  61330.4  61311.0  61311.0   41.048      -0.2645
2024-08-14 11:55:00+00:00  61311.0  61311.1  61265.0  61280.0  217.021      -0.6188
2024-08-14 11:56:00+00:00  61280.0  61280.0  61145.3  61204.5  490.300      -0.6141
2024-08-14 11:57:00+00:00  61204.5  61212.0  61165.8  61211.9  269.890      -0.2671
2024-08-14 11:58:00+00:00  61211.9  61263.4  61187.9  61263.4  135.565      -0.1185
2024-08-14 11:59:00+00:00  61263.4  61290.0  61227.9  61227.9  135.540       0.1886
2024-08-14 12:00:00+00:00  61228.0  61267.8  61220.7  61260.7  131.742       0.5450
2024-08-14 12:01:00+00:00  61260.6  61289.6  61235.9  61250.0  473.236       0.3944
2024-08-14 12:02:00+00:00  61250.1  61256.5  61204.3  61215.0  131.000      -0.3143
2024-08-14 12:03:00+00:00  61214.9  61237.8  61201.8  61217.4   98.813       0.1206
2024-08-14 12:04:00+00:00  61217.4  61242.4  61202.2  61226.5   84.127      -0.0594
2024-08-14 12:05:00+00:00  61226.6  61237.1  61217.3  61235.4   80.162      -0.3296
2024-08-14 12:06:00+00:00  61235.4  61249.9  61219.4  61231.3   68.551      -0.0980
2024-08-14 12:07:00+00:00  61231.2  61321.9  61225.1  61296.0  156.491       0.6165
2024-08-14 12:08:00+00:00  61295.9  61324.0  61288.7  61324.0  111.644       0.2266
2024-08-14 12:09:00+00:00  61324.0  61324.3  61308.0  61308.1   87.580      -0.0421
2024-08-14 12:10:00+00:00  61308.1  61308.1  61269.2  61270.7   89.129      -0.2504
2024-08-14 12:11:00+00:00  61270.6  61325.3  61255.9  61305.9  177.467       0.5918
2024-08-14 12:12:00+00:00  61305.8  61326.2  61297.4  61320.0   63.103       0.3671
2024-08-14 12:13:00+00:00  61320.0  61361.6  61272.6  61278.0  187.436       0.1489
2024-08-14 12:14:00+00:00  61277.9  61281.1  61207.1  61207.1  218.656      -0.7108
2024-08-14 12:15:00+00:00  61206.3  61208.1  61147.3  61194.6  230.264      -0.6129
2024-08-14 12:16:00+00:00  61194.7  61196.7  61109.0  61171.0  400.146      -0.0342
2024-08-14 12:17:00+00:00  61171.0  61279.2  61171.0  61274.0  347.919       0.5415
2024-08-14 12:18:00+00:00  61273.9  61360.0  61253.4  61314.2  496.618       0.5033
2024-08-14 12:19:00+00:00  61314.2  61335.5  61286.9  61286.9   87.111      -0.0687
2024-08-14 12:20:00+00:00  61287.0  61308.4  61271.0  61298.4   83.009      -0.1920
2024-08-14 12:21:00+00:00  61298.4  61355.8  61295.5  61330.5  125.274       0.2230
2024-08-14 12:22:00+00:00  61330.5  61357.0  61309.3  61356.9   80.092      -0.0712
2024-08-14 12:23:00+00:00  61356.9  61447.8  61349.6  61410.4  551.928       0.5227
2024-08-14 12:24:00+00:00  61410.4  61425.0  61390.2  61408.0  278.985      -0.0939
2024-08-14 12:25:00+00:00  61408.0  61451.5  61404.6  61439.9  296.115       0.4685
2024-08-14 12:26:00+00:00  61439.8  61439.8  61333.7  61408.7  347.321      -0.0840
2024-08-14 12:27:00+00:00  61408.8  61414.5  61380.8  61380.8  111.477      -0.2376