TRADE BTCUSDT 2024-08-15 05:51:00+00:00
side: 1
source_level: 58474.700000000004
entry: 58379.8
entry_fill: 58379.8
stop: 58165.1
target: 58621.9
net_r: -0.9769551359941201
holding_minutes: 28.0
interaction_time_ns: 1723699500000000000
acceptance: 1.0
return_depth: 1.644263408010891
return_activity: 0.2440572319166367

CONTEXT 15m
                              open     high      low    close    volume  delta_share
ts                                                                                  
2024-08-14 22:00:00+00:00  58915.0  58959.9  58835.7  58884.8   569.331      -0.3186
2024-08-14 22:15:00+00:00  58884.8  58896.5  58367.2  58718.1  6082.966      -0.1236
2024-08-14 22:30:00+00:00  58718.0  58927.7  58713.1  58872.9  1213.557      -0.0277
2024-08-14 22:45:00+00:00  58872.8  58984.0  58765.1  58801.6  1823.167       0.1587
2024-08-14 23:00:00+00:00  58801.6  58960.0  58790.0  58953.6   771.343       0.0200
2024-08-14 23:15:00+00:00  58953.6  58972.5  58883.9  58899.1   830.984      -0.1638
2024-08-14 23:30:00+00:00  58899.1  58996.0  58836.7  58903.1   861.085      -0.3778
2024-08-14 23:45:00+00:00  58903.1  58914.0  58750.8  58777.5   843.232      -0.0917
2024-08-15 00:00:00+00:00  58777.5  58823.3  58640.0  58648.1  1664.192      -0.0001
2024-08-15 00:15:00+00:00  58648.1  58830.6  58637.2  58802.7  2052.365       0.2257
2024-08-15 00:30:00+00:00  58802.6  58899.0  58701.0  58861.9  1007.531      -0.0596
2024-08-15 00:45:00+00:00  58861.8  59000.0  58844.8  58951.9  1394.473       0.1822
2024-08-15 01:00:00+00:00  58952.0  59001.2  58877.0  58958.9   977.752      -0.0910
2024-08-15 01:15:00+00:00  58958.9  59021.0  58772.2  58814.9  1574.475       0.0906
2024-08-15 01:30:00+00:00  58814.8  58979.4  58768.5  58807.9   979.981       0.1403
2024-08-15 01:45:00+00:00  58808.0  58847.0  58737.2  58747.6   835.716      -0.0632
2024-08-15 02:00:00+00:00  58747.6  58940.0  58059.2  58172.7  7400.319      -0.2942
2024-08-15 02:15:00+00:00  58172.7  58455.7  57971.2  58386.4  8874.031       0.1182
2024-08-15 02:30:00+00:00  58386.4  58512.3  58180.3  58281.4  3432.872       0.0215
2024-08-15 02:45:00+00:00  58280.4  58539.0  58210.0  58465.4  2485.231       0.1048
2024-08-15 03:00:00+00:00  58465.3  58511.5  58355.3  58392.0  1212.428      -0.0756
2024-08-15 03:15:00+00:00  58392.8  58443.9  58320.6  58407.9  1035.305       0.1178
2024-08-15 03:30:00+00:00  58408.0  58443.0  58350.0  58416.1   707.157       0.2407
2024-08-15 03:45:00+00:00  58416.1  58474.7  58381.0  58386.2   727.945       0.0679
2024-08-15 04:00:00+00:00  58386.2  58459.0  58385.0  58420.0   424.386       0.0770
2024-08-15 04:15:00+00:00  58420.0  58448.5  58266.0  58266.0  1174.336      -0.1626
2024-08-15 04:30:00+00:00  58266.0  58319.8  58255.5  58294.7  1107.989       0.1801
2024-08-15 04:45:00+00:00  58294.7  58313.9  58134.2  58192.0  1477.111      -0.0822
2024-08-15 05:00:00+00:00  58192.0  58410.0  58172.9  58366.1  1525.704       0.3599
2024-08-15 05:15:00+00:00  58366.0  58416.2  58256.3  58315.8  1021.185      -0.2471
2024-08-15 05:30:00+00:00  58315.8  58622.0  58165.2  58509.6  2768.309       0.1898
2024-08-15 05:45:00+00:00  58509.5  58571.7  58449.5  58481.4   997.100      -0.0715
2024-08-15 06:00:00+00:00  58481.3  58481.4  58333.8  58385.3   619.479      -0.3462

RESPONSE 1m
                              open     high      low    close   volume  delta_share
ts                                                                                 
2024-08-15 05:32:00+00:00  58464.5  58492.5  58449.5  58486.3   67.328      -0.0924
2024-08-15 05:33:00+00:00  58486.2  58550.0  58482.4  58544.3   89.675       0.3107
2024-08-15 05:34:00+00:00  58544.3  58544.3  58505.9  58513.9   76.557      -0.2939
2024-08-15 05:35:00+00:00  58514.0  58550.0  58495.2  58544.7   74.019       0.6056
2024-08-15 05:36:00+00:00  58544.7  58571.7  58536.0  58570.7   87.438       0.4150
2024-08-15 05:37:00+00:00  58570.7  58570.7  58540.0  58540.0  107.392      -0.3140
2024-08-15 05:38:00+00:00  58540.1  58540.1  58510.3  58510.3   63.784       0.0361
2024-08-15 05:39:00+00:00  58510.3  58531.4  58506.3  58531.1   46.579       0.3052
2024-08-15 05:40:00+00:00  58531.2  58535.4  58523.6  58527.1   37.849      -0.0035
2024-08-15 05:41:00+00:00  58527.0  58531.3  58506.3  58511.9   33.558      -0.3048
2024-08-15 05:42:00+00:00  58511.8  58520.0  58481.4  58513.9   53.669      -0.0594
2024-08-15 05:43:00+00:00  58513.9  58514.0  58461.0  58472.9   53.051      -0.0588
2024-08-15 05:44:00+00:00  58472.9  58488.8  58468.6  58477.2   16.667      -0.0903
2024-08-15 05:45:00+00:00  58477.1  58485.0  58462.8  58481.4   40.568      -0.5158
2024-08-15 05:46:00+00:00  58481.3  58481.4  58453.0  58455.7   45.259      -0.4589
2024-08-15 05:47:00+00:00  58455.7  58455.8  58417.8  58422.8  218.088      -0.5513
2024-08-15 05:48:00+00:00  58422.8  58426.0  58367.3  58400.9  133.980      -0.3467
2024-08-15 05:49:00+00:00  58401.0  58428.1  58379.8  58379.8   56.758      -0.3042
2024-08-15 05:50:00+00:00  58379.8  58388.1  58333.8  58370.3   97.644      -0.3115
2024-08-15 05:51:00+00:00  58370.3  58399.7  58345.8  58385.3   67.750       0.3053
2024-08-15 05:52:00+00:00  58385.2  58412.1  58373.7  58412.0   65.910       0.4015
2024-08-15 05:53:00+00:00  58412.0  58426.6  58391.1  58392.9   48.548       0.2693
2024-08-15 05:54:00+00:00  58392.9  58410.4  58391.2  58391.4   35.091      -0.2686
2024-08-15 05:55:00+00:00  58391.3  58391.4  58353.3  58353.3   51.819      -0.5769
2024-08-15 05:56:00+00:00  58353.3  58359.0  58325.4  58342.5  107.665      -0.2536
2024-08-15 05:57:00+00:00  58342.5  58350.0  58318.0  58325.9   57.120       0.2049
2024-08-15 05:58:00+00:00  58326.0  58326.0  58251.0  58274.2  283.081      -0.3160
2024-08-15 05:59:00+00:00  58274.2  58300.0  58255.1  58271.7  202.810       0.4225
2024-08-15 06:00:00+00:00  58271.7  58292.6  58271.7  58292.5   73.937       0.0711
2024-08-15 06:01:00+00:00  58292.6  58292.6  58204.0  58222.1  330.128      -0.3113
2024-08-15 06:02:00+00:00  58222.0  58252.0  58209.0  58251.9  134.480       0.4812
2024-08-15 06:03:00+00:00  58252.0  58268.7  58221.8  58253.4  138.705       0.4216
2024-08-15 06:04:00+00:00  58253.5  58265.6  58219.1  58219.1  123.220      -0.1070
2024-08-15 06:05:00+00:00  58219.1  58360.1  58219.1  58350.0  202.848       0.7985
2024-08-15 06:06:00+00:00  58350.1  58358.2  58280.9  58281.0  100.981       0.1010
2024-08-15 06:07:00+00:00  58281.0  58349.1  58280.9  58314.6   84.923       0.4355
2024-08-15 06:08:00+00:00  58314.6  58345.3  58310.0  58332.6   41.027       0.4404
2024-08-15 06:09:00+00:00  58332.7  58371.9  58305.1  58368.1   67.827       0.4029
2024-08-15 06:10:00+00:00  58368.1  58368.7  58320.0  58320.0   86.439       0.1856
2024-08-15 06:11:00+00:00  58320.0  58346.4  58289.4  58294.8   98.453      -0.4070