TRADE BTCUSDT 2024-08-14 22:20:00+00:00
side: -1
source_level: 58658.700000000004
entry: 58829.0
entry_fill: 58829.0
stop: 58937.1
target: 58367.299999999996
net_r: -0.9741150567865361
holding_minutes: 10.0
interaction_time_ns: 1723673100000000000
acceptance: 1.0
return_depth: 1.5842195540308452
return_activity: 0.18759593132479058

CONTEXT 15m
                              open     high      low    close     volume  delta_share
ts                                                                                   
2024-08-14 14:30:00+00:00  59167.4  59495.0  58914.0  59457.5   7445.966       0.1031
2024-08-14 14:45:00+00:00  59457.5  59497.0  59101.9  59235.1   8002.134      -0.0657
2024-08-14 15:00:00+00:00  59235.1  59543.0  59209.5  59468.5   4635.644       0.1705
2024-08-14 15:15:00+00:00  59468.4  59600.0  59155.1  59214.1   6471.924      -0.0388
2024-08-14 15:30:00+00:00  59214.1  59388.0  58979.0  59034.7   5320.691      -0.0957
2024-08-14 15:45:00+00:00  59034.6  59749.2  58850.0  59642.3  11037.833       0.0966
2024-08-14 16:00:00+00:00  59642.3  59810.0  59362.9  59396.9   9339.016      -0.0371
2024-08-14 16:15:00+00:00  59396.9  59422.2  59200.0  59350.1   3936.463      -0.0248
2024-08-14 16:30:00+00:00  59350.1  59350.1  58880.0  58989.9   5526.015      -0.1898
2024-08-14 16:45:00+00:00  58990.0  59064.0  58806.1  58840.2   4314.030      -0.1024
2024-08-14 17:00:00+00:00  58841.3  59259.4  58500.0  59090.5   8471.528       0.0106
2024-08-14 17:15:00+00:00  59090.5  59280.0  59000.0  59174.7   3352.705      -0.0015
2024-08-14 17:30:00+00:00  59174.6  59342.5  59061.8  59170.0   1885.512      -0.1468
2024-08-14 17:45:00+00:00  59170.1  59237.5  59011.0  59051.5   1675.682      -0.1684
2024-08-14 18:00:00+00:00  59051.5  59255.0  59051.4  59129.2   1477.737       0.0352
2024-08-14 18:15:00+00:00  59129.3  59255.0  59063.6  59158.8   1123.520      -0.0772
2024-08-14 18:30:00+00:00  59158.9  59436.2  59130.9  59212.2   1908.535       0.0455
2024-08-14 18:45:00+00:00  59212.2  59238.0  58878.9  58888.7   3715.515      -0.2913
2024-08-14 19:00:00+00:00  58888.7  59027.0  58749.9  58954.1   3022.909      -0.0209
2024-08-14 19:15:00+00:00  58954.0  59090.0  58658.7  58682.0   2624.277      -0.3196
2024-08-14 19:30:00+00:00  58681.9  58914.0  58675.3  58872.2   1939.577       0.0920
2024-08-14 19:45:00+00:00  58872.1  58975.7  58790.1  58942.0   1539.001      -0.0689
2024-08-14 20:00:00+00:00  58942.0  59012.7  58825.6  58854.0   1223.558      -0.1069
2024-08-14 20:15:00+00:00  58853.8  59061.0  58846.3  59035.9   1153.562       0.0735
2024-08-14 20:30:00+00:00  59035.8  59120.0  58960.3  58964.0    976.775      -0.0313
2024-08-14 20:45:00+00:00  58964.0  59026.1  58943.7  59026.1    520.149       0.0015
2024-08-14 21:00:00+00:00  59026.1  59151.6  58973.7  59113.6   1363.605       0.1563
2024-08-14 21:15:00+00:00  59113.6  59125.0  58991.3  58998.7    480.246      -0.1336
2024-08-14 21:30:00+00:00  58998.7  59107.8  58912.1  59071.9   1002.180      -0.0300
2024-08-14 21:45:00+00:00  59071.8  59080.4  58892.0  58922.2    921.376      -0.2525
2024-08-14 22:00:00+00:00  58922.2  58983.3  58835.7  58884.8    706.169      -0.2361
2024-08-14 22:15:00+00:00  58884.8  58896.5  58367.2  58718.1   6082.966      -0.1236
2024-08-14 22:30:00+00:00  58718.0  58865.5  58713.1  58818.0    524.216       0.0622

RESPONSE 1m
                              open     high      low    close    volume  delta_share
ts                                                                                  
2024-08-14 22:01:00+00:00  58884.8  58896.5  58836.3  58838.7   187.157      -0.3586
2024-08-14 22:02:00+00:00  58838.7  58838.7  58764.0  58798.2   326.234      -0.4587
2024-08-14 22:03:00+00:00  58798.2  58799.9  58700.0  58729.9   315.838      -0.3907
2024-08-14 22:04:00+00:00  58729.9  58730.0  58367.2  58440.7  2645.625      -0.3402
2024-08-14 22:05:00+00:00  58440.8  58594.8  58391.3  58593.2   606.077       0.4343
2024-08-14 22:06:00+00:00  58593.2  58683.6  58559.4  58616.6   413.581       0.1030
2024-08-14 22:07:00+00:00  58616.6  58681.8  58594.3  58600.5   224.768       0.1579
2024-08-14 22:08:00+00:00  58600.4  58609.6  58522.1  58552.0   165.642      -0.3088
2024-08-14 22:09:00+00:00  58555.9  58609.8  58547.3  58576.5   187.682       0.0175
2024-08-14 22:10:00+00:00  58576.5  58607.5  58515.7  58604.7   201.937      -0.1616
2024-08-14 22:11:00+00:00  58604.7  58694.3  58575.4  58674.1   250.849       0.3894
2024-08-14 22:12:00+00:00  58674.1  58734.1  58645.8  58730.0   164.888       0.2070
2024-08-14 22:13:00+00:00  58730.1  58767.6  58700.1  58757.8   173.764       0.3342
2024-08-14 22:14:00+00:00  58757.8  58764.0  58716.0  58734.0    87.594       0.1444
2024-08-14 22:15:00+00:00  58734.0  58792.1  58715.8  58718.1   131.330       0.1923
2024-08-14 22:16:00+00:00  58718.0  58801.0  58713.1  58800.9    80.607       0.2940
2024-08-14 22:17:00+00:00  58801.0  58802.1  58714.5  58762.1   133.675      -0.1963
2024-08-14 22:18:00+00:00  58762.0  58850.0  58738.0  58829.1   101.966       0.3915
2024-08-14 22:19:00+00:00  58829.0  58865.5  58815.5  58854.4    86.517       0.1181
2024-08-14 22:20:00+00:00  58854.5  58855.0  58785.6  58818.0   121.451      -0.1234
2024-08-14 22:21:00+00:00  58818.3  58848.6  58793.7  58834.1    63.205       0.0263
2024-08-14 22:22:00+00:00  58834.1  58861.2  58809.0  58814.3    50.128      -0.0653
2024-08-14 22:23:00+00:00  58813.8  58835.4  58797.2  58828.1    51.668       0.1027
2024-08-14 22:24:00+00:00  58828.2  58897.8  58816.5  58895.9    97.660       0.1937
2024-08-14 22:25:00+00:00  58896.0  58896.8  58870.1  58888.0    78.797      -0.4784
2024-08-14 22:26:00+00:00  58887.9  58927.7  58881.0  58884.5    89.457       0.0424
2024-08-14 22:27:00+00:00  58884.6  58926.0  58864.3  58902.1    58.749       0.0137
2024-08-14 22:28:00+00:00  58902.1  58902.1  58852.3  58870.0    70.826      -0.4161
2024-08-14 22:29:00+00:00  58870.0  58895.9  58830.0  58839.9    89.777      -0.4630
2024-08-14 22:30:00+00:00  58839.8  58877.0  58839.8  58872.9    39.074       0.3916
2024-08-14 22:31:00+00:00  58872.8  58954.0  58853.0  58946.3   248.670       0.4757
2024-08-14 22:32:00+00:00  58946.4  58967.9  58906.5  58920.1   133.618       0.2518
2024-08-14 22:33:00+00:00  58920.0  58967.0  58910.3  58952.7   170.139       0.2745
2024-08-14 22:34:00+00:00  58952.7  58952.7  58908.0  58931.2    61.943      -0.3375
2024-08-14 22:35:00+00:00  58931.2  58984.0  58920.9  58961.4   221.393       0.5938
2024-08-14 22:36:00+00:00  58961.4  58984.0  58924.4  58939.2   141.177       0.3891
2024-08-14 22:37:00+00:00  58939.2  58962.5  58906.1  58934.0    47.058      -0.1684
2024-08-14 22:38:00+00:00  58934.0  58944.1  58902.6  58907.2    63.478      -0.4388
2024-08-14 22:39:00+00:00  58907.2  58976.0  58880.0  58974.8   160.130       0.5399
2024-08-14 22:40:00+00:00  58974.8  58977.4  58931.1  58939.2    64.562      -0.3179