TRADE BTCUSDT 2024-08-15 06:35:00+00:00
side: -1
source_level: 58134.2
entry: 58104.6
entry_fill: 58104.6
stop: 58294.8
target: 57800.1
net_r: 1.1506467102805022
holding_minutes: 53.0
interaction_time_ns: 1723703100000000000
acceptance: 1.0
return_depth: 0.911430281268705
return_activity: 0.33236824138649645

CONTEXT 15m
                              open     high      low    close    volume  delta_share
ts                                                                                  
2024-08-14 22:45:00+00:00  58961.4  58984.0  58765.1  58801.6   987.404      -0.0201
2024-08-14 23:00:00+00:00  58801.6  58960.0  58790.0  58953.6   771.343       0.0200
2024-08-14 23:15:00+00:00  58953.6  58972.5  58883.9  58899.1   830.984      -0.1638
2024-08-14 23:30:00+00:00  58899.1  58996.0  58836.7  58903.1   861.085      -0.3778
2024-08-14 23:45:00+00:00  58903.1  58914.0  58750.8  58777.5   843.232      -0.0917
2024-08-15 00:00:00+00:00  58777.5  58823.3  58640.0  58648.1  1664.192      -0.0001
2024-08-15 00:15:00+00:00  58648.1  58830.6  58637.2  58802.7  2052.365       0.2257
2024-08-15 00:30:00+00:00  58802.6  58899.0  58701.0  58861.9  1007.531      -0.0596
2024-08-15 00:45:00+00:00  58861.8  59000.0  58844.8  58951.9  1394.473       0.1822
2024-08-15 01:00:00+00:00  58952.0  59001.2  58877.0  58958.9   977.752      -0.0910
2024-08-15 01:15:00+00:00  58958.9  59021.0  58772.2  58814.9  1574.475       0.0906
2024-08-15 01:30:00+00:00  58814.8  58979.4  58768.5  58807.9   979.981       0.1403
2024-08-15 01:45:00+00:00  58808.0  58847.0  58737.2  58747.6   835.716      -0.0632
2024-08-15 02:00:00+00:00  58747.6  58940.0  58059.2  58172.7  7400.319      -0.2942
2024-08-15 02:15:00+00:00  58172.7  58455.7  57971.2  58386.4  8874.031       0.1182
2024-08-15 02:30:00+00:00  58386.4  58512.3  58180.3  58281.4  3432.872       0.0215
2024-08-15 02:45:00+00:00  58280.4  58539.0  58210.0  58465.4  2485.231       0.1048
2024-08-15 03:00:00+00:00  58465.3  58511.5  58355.3  58392.0  1212.428      -0.0756
2024-08-15 03:15:00+00:00  58392.8  58443.9  58320.6  58407.9  1035.305       0.1178
2024-08-15 03:30:00+00:00  58408.0  58443.0  58350.0  58416.1   707.157       0.2407
2024-08-15 03:45:00+00:00  58416.1  58474.7  58381.0  58386.2   727.945       0.0679
2024-08-15 04:00:00+00:00  58386.2  58459.0  58385.0  58420.0   424.386       0.0770
2024-08-15 04:15:00+00:00  58420.0  58448.5  58266.0  58266.0  1174.336      -0.1626
2024-08-15 04:30:00+00:00  58266.0  58319.8  58255.5  58294.7  1107.989       0.1801
2024-08-15 04:45:00+00:00  58294.7  58313.9  58134.2  58192.0  1477.111      -0.0822
2024-08-15 05:00:00+00:00  58192.0  58410.0  58172.9  58366.1  1525.704       0.3599
2024-08-15 05:15:00+00:00  58366.0  58416.2  58256.3  58315.8  1021.185      -0.2471
2024-08-15 05:30:00+00:00  58315.8  58622.0  58165.2  58509.6  2768.309       0.1898
2024-08-15 05:45:00+00:00  58509.5  58571.7  58449.5  58481.4   997.100      -0.0715
2024-08-15 06:00:00+00:00  58481.3  58481.4  58251.0  58292.5  1545.460      -0.1477
2024-08-15 06:15:00+00:00  58292.6  58371.9  58204.0  58291.1  1680.863       0.1547
2024-08-15 06:30:00+00:00  58291.0  58294.7  57800.0  58070.0  5821.218      -0.1934
2024-08-15 06:45:00+00:00  58070.0  58195.0  58031.4  58059.6  1031.294       0.1110

RESPONSE 1m
                              open     high      low    close    volume  delta_share
ts                                                                                  
2024-08-15 06:16:00+00:00  58291.0  58294.7  58260.0  58294.7    77.475      -0.3312
2024-08-15 06:17:00+00:00  58294.6  58294.6  58215.9  58215.9    89.400      -0.4493
2024-08-15 06:18:00+00:00  58215.9  58234.0  58207.0  58212.8   105.928       0.0584
2024-08-15 06:19:00+00:00  58212.9  58227.5  58200.5  58200.6    86.159      -0.0286
2024-08-15 06:20:00+00:00  58200.6  58210.0  58148.1  58168.5   373.789      -0.5335
2024-08-15 06:21:00+00:00  58168.4  58173.0  58059.6  58075.5   520.560      -0.5183
2024-08-15 06:22:00+00:00  58075.5  58089.5  58029.4  58045.3   314.136      -0.1864
2024-08-15 06:23:00+00:00  58045.4  58053.9  57800.0  57932.9  2354.472      -0.4315
2024-08-15 06:24:00+00:00  57932.9  58022.2  57870.6  58019.6   529.889       0.4545
2024-08-15 06:25:00+00:00  58019.6  58063.6  58000.6  58026.5   247.860       0.0210
2024-08-15 06:26:00+00:00  58026.5  58077.7  58014.0  58077.6   160.900       0.4534
2024-08-15 06:27:00+00:00  58077.7  58092.1  58034.3  58059.4   287.495      -0.0901
2024-08-15 06:28:00+00:00  58059.4  58072.4  58020.0  58020.1   134.754      -0.3157
2024-08-15 06:29:00+00:00  58020.1  58126.6  58000.7  58106.1   408.938       0.5151
2024-08-15 06:30:00+00:00  58106.0  58141.0  58060.0  58070.0   129.463       0.1437
2024-08-15 06:31:00+00:00  58070.0  58195.0  58064.3  58175.2   388.650       0.5973
2024-08-15 06:32:00+00:00  58175.1  58175.2  58133.9  58134.0   119.825      -0.2625
2024-08-15 06:33:00+00:00  58134.0  58138.7  58046.4  58086.1   190.602      -0.2300
2024-08-15 06:34:00+00:00  58086.1  58109.9  58043.0  58104.6   142.982       0.2645
2024-08-15 06:35:00+00:00  58104.6  58109.8  58031.4  58059.6   189.235      -0.4237
2024-08-15 06:36:00+00:00  58059.7  58086.5  58042.8  58058.8    93.427       0.0451
2024-08-15 06:37:00+00:00  58058.7  58105.1  58058.5  58074.1   107.754       0.1920
2024-08-15 06:38:00+00:00  58074.0  58116.0  58058.5  58116.0    61.337       0.1410
2024-08-15 06:39:00+00:00  58115.9  58157.2  58097.8  58157.2   172.695       0.6678
2024-08-15 06:40:00+00:00  58157.1  58164.0  58125.1  58149.2    74.504      -0.0932
2024-08-15 06:41:00+00:00  58149.2  58149.2  58030.8  58054.0   107.745      -0.2865
2024-08-15 06:42:00+00:00  58054.9  58064.6  57978.3  58039.8   218.099      -0.4546
2024-08-15 06:43:00+00:00  58039.9  58120.0  58039.8  58118.7   124.503       0.4125
2024-08-15 06:44:00+00:00  58118.7  58170.2  58112.3  58122.0   132.177      -0.2582
2024-08-15 06:45:00+00:00  58121.9  58139.9  58109.7  58123.8    70.243       0.0711
2024-08-15 06:46:00+00:00  58123.7  58124.0  58059.7  58115.5   110.506      -0.0358
2024-08-15 06:47:00+00:00  58115.6  58115.6  58037.8  58091.9   101.224       0.0618
2024-08-15 06:48:00+00:00  58091.9  58091.9  58020.5  58020.6   101.585       0.0211
2024-08-15 06:49:00+00:00  58020.5  58052.6  57953.6  57988.0   208.170      -0.3888
2024-08-15 06:50:00+00:00  57988.1  58027.1  57971.8  58009.8   208.078      -0.1374
2024-08-15 06:51:00+00:00  58009.7  58064.7  58001.9  58056.9    96.832       0.1454
2024-08-15 06:52:00+00:00  58056.9  58095.2  58040.0  58048.7   112.888      -0.0834
2024-08-15 06:53:00+00:00  58048.7  58067.1  58021.0  58062.9    88.484       0.4614
2024-08-15 06:54:00+00:00  58062.9  58069.0  58022.5  58067.3    66.575       0.1336
2024-08-15 06:55:00+00:00  58067.3  58076.0  58043.2  58074.2    53.788      -0.3618