TRADE BTCUSDT 2024-08-19 23:41:00+00:00
side: 1
source_level: 59319.00000000001
entry: 59305.100000000006
entry_fill: 59305.100000000006
stop: 59164.200000000004
target: 59499.9
net_r: 0.8695000305961326
holding_minutes: 11.0
interaction_time_ns: 1724110200000000000
acceptance: 1.0
return_depth: 1.0767955801105085
return_activity: 0.2309604202033857

CONTEXT 15m
                              open     high      low    close    volume  delta_share
ts                                                                                  
2024-08-19 15:45:00+00:00  58679.9  58694.0  58604.1  58645.9   331.221      -0.2449
2024-08-19 16:00:00+00:00  58645.9  58748.0  58504.5  58505.0  1994.301      -0.1308
2024-08-19 16:15:00+00:00  58504.5  58620.0  58422.0  58469.6  2737.775      -0.0737
2024-08-19 16:30:00+00:00  58469.5  58576.0  58431.5  58557.6  1158.330       0.1294
2024-08-19 16:45:00+00:00  58557.7  58580.0  58332.0  58416.9  1883.316      -0.2095
2024-08-19 17:00:00+00:00  58416.9  58685.7  58397.3  58670.2  1643.322       0.1881
2024-08-19 17:15:00+00:00  58670.2  58719.5  58598.7  58607.5  1509.530      -0.1976
2024-08-19 17:30:00+00:00  58607.5  58860.0  58513.2  58810.4  3770.939       0.1651
2024-08-19 17:45:00+00:00  58810.4  59262.9  58791.2  58984.8  8629.059       0.0154
2024-08-19 18:00:00+00:00  58984.8  59099.1  58738.9  58991.0  3991.388      -0.0701
2024-08-19 18:15:00+00:00  58991.0  59015.4  58700.0  58741.2  2094.892      -0.1708
2024-08-19 18:30:00+00:00  58741.4  58939.5  58692.5  58932.1  1780.895       0.4506
2024-08-19 18:45:00+00:00  58932.0  59211.5  58900.0  59108.8  2967.534       0.1165
2024-08-19 19:00:00+00:00  59108.9  59117.8  58968.1  58975.5  1602.922      -0.0073
2024-08-19 19:15:00+00:00  58978.2  59070.0  58921.8  58990.1  1517.191       0.0303
2024-08-19 19:30:00+00:00  58990.2  59090.0  58834.0  58958.0  1310.219       0.0033
2024-08-19 19:45:00+00:00  58958.0  58996.7  58852.8  58979.9   857.979       0.0414
2024-08-19 20:00:00+00:00  58980.0  59106.6  58842.2  58933.0  2064.194       0.0433
2024-08-19 20:15:00+00:00  58935.7  59043.7  58879.3  58953.6   985.332       0.0827
2024-08-19 20:30:00+00:00  58953.6  59141.0  58942.4  59046.4  1298.765       0.0072
2024-08-19 20:45:00+00:00  59046.5  59227.9  59046.5  59227.6  1427.880       0.0608
2024-08-19 21:00:00+00:00  59227.5  59319.0  59018.7  59048.2  2662.022       0.0160
2024-08-19 21:15:00+00:00  59048.1  59117.1  58945.3  58953.4  1359.183      -0.0290
2024-08-19 21:30:00+00:00  58953.3  59065.0  58950.1  59008.9   571.862       0.1872
2024-08-19 21:45:00+00:00  59008.9  59217.5  58993.9  59184.9   876.343       0.1222
2024-08-19 22:00:00+00:00  59184.9  59201.5  58923.0  58936.1  1218.193      -0.4458
2024-08-19 22:15:00+00:00  58936.1  59108.5  58936.1  59070.3   845.095       0.1702
2024-08-19 22:30:00+00:00  59070.2  59089.1  58951.1  59050.0   624.420       0.1243
2024-08-19 22:45:00+00:00  59050.0  59190.0  59043.7  59159.9   890.595       0.0709
2024-08-19 23:00:00+00:00  59160.0  59233.4  59061.9  59203.1  1203.907      -0.0801
2024-08-19 23:15:00+00:00  59203.1  59217.2  59062.5  59087.7  1136.539      -0.2654
2024-08-19 23:30:00+00:00  59087.6  59500.0  59073.7  59322.3  3932.190       0.1643
2024-08-19 23:45:00+00:00  59322.3  59420.0  59272.3  59310.0  1456.123       0.0256

RESPONSE 1m
                              open     high      low    close    volume  delta_share
ts                                                                                  
2024-08-19 23:22:00+00:00  59191.9  59215.4  59167.9  59169.3    67.105      -0.3081
2024-08-19 23:23:00+00:00  59169.4  59208.3  59164.3  59199.9   143.174       0.4369
2024-08-19 23:24:00+00:00  59199.9  59230.5  59173.1  59228.9   114.458       0.7197
2024-08-19 23:25:00+00:00  59228.9  59246.0  59209.5  59241.5   126.747      -0.1619
2024-08-19 23:26:00+00:00  59241.5  59248.9  59208.3  59228.0   174.478      -0.5988
2024-08-19 23:27:00+00:00  59228.1  59287.1  59228.0  59273.3   217.639       0.6578
2024-08-19 23:28:00+00:00  59273.3  59500.0  59273.3  59387.2  1945.337       0.3162
2024-08-19 23:29:00+00:00  59387.2  59403.0  59340.0  59342.1   321.133      -0.0698
2024-08-19 23:30:00+00:00  59342.1  59342.2  59307.1  59322.3   248.712      -0.3895
2024-08-19 23:31:00+00:00  59322.3  59359.8  59312.0  59356.3   167.331       0.2183
2024-08-19 23:32:00+00:00  59356.3  59415.0  59356.3  59383.7   228.715       0.1174
2024-08-19 23:33:00+00:00  59383.6  59390.0  59346.3  59356.4    89.905      -0.5998
2024-08-19 23:34:00+00:00  59356.5  59394.6  59344.5  59377.1   129.037      -0.0681
2024-08-19 23:35:00+00:00  59377.1  59420.0  59371.2  59371.2   252.673       0.4139
2024-08-19 23:36:00+00:00  59371.0  59371.0  59330.4  59337.4   233.318      -0.1995
2024-08-19 23:37:00+00:00  59337.3  59362.2  59337.3  59362.1    63.484       0.3100
2024-08-19 23:38:00+00:00  59362.0  59362.1  59321.5  59327.6    94.918      -0.0705
2024-08-19 23:39:00+00:00  59327.6  59345.9  59305.1  59305.1    51.633      -0.2692
2024-08-19 23:40:00+00:00  59305.1  59315.7  59273.8  59273.8    60.444      -0.5334
2024-08-19 23:41:00+00:00  59273.8  59310.0  59272.3  59310.0    84.665       0.1379
2024-08-19 23:42:00+00:00  59310.0  59334.0  59299.8  59324.9   126.450      -0.1657
2024-08-19 23:43:00+00:00  59325.0  59342.0  59310.0  59342.0    73.138      -0.4430
2024-08-19 23:44:00+00:00  59341.9  59358.3  59341.9  59345.9    50.893      -0.0641
2024-08-19 23:45:00+00:00  59345.9  59346.0  59319.9  59324.5    73.536      -0.5810
2024-08-19 23:46:00+00:00  59324.5  59335.0  59305.4  59308.6    57.952      -0.4841
2024-08-19 23:47:00+00:00  59308.7  59347.2  59308.6  59342.3    64.807       0.4263
2024-08-19 23:48:00+00:00  59340.7  59343.8  59316.5  59325.0    46.365      -0.0981
2024-08-19 23:49:00+00:00  59325.0  59374.2  59325.0  59374.2    53.517       0.0155
2024-08-19 23:50:00+00:00  59374.2  59430.0  59374.1  59402.0   199.918       0.1081
2024-08-19 23:51:00+00:00  59402.0  59459.9  59401.3  59457.9   153.369       0.1641
2024-08-19 23:52:00+00:00  59457.9  59493.4  59452.1  59460.4   141.856       0.0967
2024-08-19 23:53:00+00:00  59460.4  59530.9  59441.3  59513.4   671.839       0.3963
2024-08-19 23:54:00+00:00  59513.3  59527.2  59455.6  59470.2   267.716      -0.4997
2024-08-19 23:55:00+00:00  59470.1  59585.4  59464.2  59509.4   476.894       0.2147
2024-08-19 23:56:00+00:00  59509.4  59519.5  59481.1  59481.1   126.892      -0.5056
2024-08-19 23:57:00+00:00  59481.1  59504.0  59460.6  59461.5    97.374      -0.3491
2024-08-19 23:58:00+00:00  59461.5  59467.6  59457.5  59461.8    43.116      -0.2831
2024-08-19 23:59:00+00:00  59459.5  59459.5  59410.0  59413.7   116.568      -0.6828
2024-08-20 00:00:00+00:00  59413.8  59439.3  59392.3  59398.5   101.235       0.0514
2024-08-20 00:01:00+00:00  59398.4  59434.8  59351.0  59405.2   371.124      -0.3478