TRADE BTCUSDT 2024-08-14 13:11:00+00:00
side: 1
source_level: 60841.7
entry: 60873.40000000001
entry_fill: 60873.40000000001
stop: 60798.100000000006
target: 61026.700000000004
net_r: -0.9544939542579547
holding_minutes: 1.0
interaction_time_ns: 1723640100000000000
acceptance: 0.0
return_depth: 0.916688567674084
return_activity: 0.4865058529066165

CONTEXT 15m
                              open     high      low    close     volume  delta_share
ts                                                                                   
2024-08-14 05:15:00+00:00  60949.9  61048.0  60927.4  61048.0    280.576       0.4513
2024-08-14 05:30:00+00:00  61048.0  61049.0  60861.8  60878.5    879.298      -0.2476
2024-08-14 05:45:00+00:00  60878.5  60915.5  60848.9  60870.2    559.984      -0.0061
2024-08-14 06:00:00+00:00  60870.2  60873.6  60763.4  60800.5    906.507      -0.2673
2024-08-14 06:15:00+00:00  60800.4  60810.0  60588.8  60656.7   4042.225      -0.0528
2024-08-14 06:30:00+00:00  60656.6  60877.7  60652.6  60746.3   1661.349       0.3104
2024-08-14 06:45:00+00:00  60746.4  60814.6  60698.0  60753.9    840.828      -0.2165
2024-08-14 07:00:00+00:00  60753.8  60836.3  60678.0  60828.3    953.450      -0.0950
2024-08-14 07:15:00+00:00  60828.3  60849.0  60663.2  60726.5    971.845      -0.1317
2024-08-14 07:30:00+00:00  60726.4  60810.8  60676.0  60713.7    570.643       0.0997
2024-08-14 07:45:00+00:00  60713.8  60857.8  60713.8  60808.1    615.620       0.1782
2024-08-14 08:00:00+00:00  60808.0  60911.0  60800.0  60887.2    867.839       0.1335
2024-08-14 08:15:00+00:00  60887.3  60899.2  60668.6  60725.0   1567.133      -0.3718
2024-08-14 08:30:00+00:00  60724.9  60854.0  60600.0  60815.8   1588.698      -0.0033
2024-08-14 08:45:00+00:00  60815.9  60915.0  60762.0  60828.9   1521.930       0.2876
2024-08-14 09:00:00+00:00  60828.9  60871.9  60800.0  60859.8    514.764       0.1390
2024-08-14 09:15:00+00:00  60859.8  60951.0  60785.2  60827.6   1054.178      -0.0164
2024-08-14 09:30:00+00:00  60827.5  60877.9  60758.4  60877.9    919.652      -0.0026
2024-08-14 09:45:00+00:00  60877.9  60911.9  60802.0  60814.1    692.424       0.2008
2024-08-14 10:00:00+00:00  60814.1  60860.0  60794.6  60819.9    491.328      -0.1998
2024-08-14 10:15:00+00:00  60819.9  61080.2  60800.0  60984.3   2469.901       0.1492
2024-08-14 10:30:00+00:00  60984.3  61179.4  60963.1  61156.1   2373.247       0.0844
2024-08-14 10:45:00+00:00  61156.1  61299.1  61097.0  61268.1   2696.224       0.1499
2024-08-14 11:00:00+00:00  61268.1  61270.9  61054.5  61064.9   2126.716      -0.2370
2024-08-14 11:15:00+00:00  61065.0  61080.5  60841.7  60943.5   2832.641      -0.0511
2024-08-14 11:30:00+00:00  60943.5  61083.8  60870.0  61050.8   1580.521       0.2068
2024-08-14 11:45:00+00:00  61050.8  61419.2  61015.1  61317.2   4026.687       0.1784
2024-08-14 12:00:00+00:00  61317.1  61391.3  61145.3  61260.7   2801.355      -0.2197
2024-08-14 12:15:00+00:00  61260.6  61361.6  61147.3  61194.6   2257.659       0.0330
2024-08-14 12:30:00+00:00  61194.7  61777.0  61109.0  61682.9   5810.913       0.2646
2024-08-14 12:45:00+00:00  61687.0  61839.7  60900.0  61192.7  20730.673      -0.0770
2024-08-14 13:00:00+00:00  61192.6  61268.9  60798.2  61026.8   6936.637      -0.1618
2024-08-14 13:15:00+00:00  61026.8  61131.9  60855.7  60900.7   2677.205      -0.0923

RESPONSE 1m
                              open     high      low    close    volume  delta_share
ts                                                                                  
2024-08-14 12:52:00+00:00  61100.1  61155.4  61010.9  61042.9   434.858      -0.3146
2024-08-14 12:53:00+00:00  61043.0  61060.1  60798.2  60849.9  1544.905      -0.4826
2024-08-14 12:54:00+00:00  60849.9  61002.0  60809.3  60998.9   843.444       0.1377
2024-08-14 12:55:00+00:00  60999.0  61042.0  60939.3  60967.8   296.508       0.0162
2024-08-14 12:56:00+00:00  60968.1  60975.0  60875.0  60907.2   295.599      -0.3254
2024-08-14 12:57:00+00:00  60907.1  60997.9  60884.6  60968.7   232.405      -0.0105
2024-08-14 12:58:00+00:00  60968.6  61007.2  60950.0  60990.5   249.577       0.1255
2024-08-14 12:59:00+00:00  60990.6  61057.5  60981.4  61019.6   370.593      -0.0632
2024-08-14 13:00:00+00:00  61019.5  61048.0  61014.7  61026.8   127.774      -0.0576
2024-08-14 13:01:00+00:00  61026.8  61075.6  60998.1  61047.9   274.865      -0.1688
2024-08-14 13:02:00+00:00  61047.9  61130.5  61047.9  61124.1   330.794       0.4605
2024-08-14 13:03:00+00:00  61124.1  61131.9  61063.2  61072.9   211.375       0.0126
2024-08-14 13:04:00+00:00  61073.0  61090.8  60949.7  61021.9   279.875      -0.1783
2024-08-14 13:05:00+00:00  61021.8  61088.0  61005.2  61033.7   143.539       0.0121
2024-08-14 13:06:00+00:00  61034.5  61034.6  60910.0  60965.5   292.437      -0.4428
2024-08-14 13:07:00+00:00  60965.6  60969.8  60892.6  60927.4   230.296      -0.3130
2024-08-14 13:08:00+00:00  60927.4  60940.8  60874.0  60899.3   280.388      -0.1878
2024-08-14 13:09:00+00:00  60899.4  60917.7  60874.9  60891.5   179.123       0.0051
2024-08-14 13:10:00+00:00  60891.6  60916.6  60866.8  60873.4   201.598      -0.1356
2024-08-14 13:11:00+00:00  60873.4  60937.5  60855.7  60900.7   252.915      -0.1059
2024-08-14 13:12:00+00:00  60900.8  60948.9  60894.9  60921.4   199.381       0.3164
2024-08-14 13:13:00+00:00  60921.4  60921.5  60852.0  60861.2   212.911      -0.5574
2024-08-14 13:14:00+00:00  60861.3  60863.9  60629.0  60659.6  1134.363      -0.5723
2024-08-14 13:15:00+00:00  60659.7  60762.0  60616.0  60754.5   735.782       0.1400
2024-08-14 13:16:00+00:00  60753.8  60755.0  60666.2  60681.9   425.424      -0.4686
2024-08-14 13:17:00+00:00  60681.9  60719.7  60559.1  60712.6   780.887      -0.0776
2024-08-14 13:18:00+00:00  60712.7  60794.5  60681.3  60774.8   365.548       0.4096
2024-08-14 13:19:00+00:00  60774.7  60832.6  60774.7  60816.0   346.278       0.2368
2024-08-14 13:20:00+00:00  60816.0  60842.9  60793.4  60829.9   298.246       0.2775
2024-08-14 13:21:00+00:00  60829.9  60887.0  60800.3  60807.8   458.613       0.5703
2024-08-14 13:22:00+00:00  60807.7  60821.5  60739.5  60800.7   223.166       0.0502
2024-08-14 13:23:00+00:00  60800.7  60820.0  60771.9  60776.1   129.889      -0.2561
2024-08-14 13:24:00+00:00  60776.0  60816.4  60770.6  60782.7    89.403      -0.0364
2024-08-14 13:25:00+00:00  60782.8  60820.0  60764.6  60811.9   121.857      -0.0347
2024-08-14 13:26:00+00:00  60811.9  60816.7  60694.4  60713.2   201.311      -0.5584
2024-08-14 13:27:00+00:00  60713.2  60728.5  60696.5  60714.5   110.597      -0.0587
2024-08-14 13:28:00+00:00  60714.4  60723.8  60668.6  60685.5   255.078      -0.2676
2024-08-14 13:29:00+00:00  60685.6  60720.0  60666.0  60716.1   101.561       0.2296
2024-08-14 13:30:00+00:00  60716.0  60775.8  60716.0  60774.8   224.690       0.3731
2024-08-14 13:31:00+00:00  60774.9  60835.7  60724.1  60823.5   436.879       0.2860