TRADE BTCUSDT 2024-08-13 19:11:00+00:00
side: 1
source_level: 60736.600000000006
entry: 60631.9
entry_fill: 60631.9
stop: 60415.00000000001
target: 61010.200000000004
net_r: -0.9769390340792318
holding_minutes: 7.0
interaction_time_ns: 1723567800000000000
acceptance: 1.0
return_depth: 1.1295150915388497
return_activity: 0.4519822738659207

CONTEXT 15m
                              open     high      low    close     volume  delta_share
ts                                                                                   
2024-08-13 11:15:00+00:00  58584.0  58693.2  58578.9  58686.5    242.239       0.4201
2024-08-13 11:30:00+00:00  58686.4  58770.6  58628.1  58678.3    880.919       0.0897
2024-08-13 11:45:00+00:00  58678.4  58880.0  58663.5  58830.0   1309.264       0.2993
2024-08-13 12:00:00+00:00  58830.1  58864.4  58704.1  58803.0    969.389      -0.0857
2024-08-13 12:15:00+00:00  58803.0  58972.8  58778.9  58884.7   2021.180       0.0098
2024-08-13 12:30:00+00:00  58884.6  58938.0  58726.6  58817.0   1360.484      -0.1435
2024-08-13 12:45:00+00:00  58817.1  59169.6  58668.0  58849.9   7921.300       0.0208
2024-08-13 13:00:00+00:00  58850.0  59160.7  58764.2  59095.4   3128.339       0.2322
2024-08-13 13:15:00+00:00  59095.4  59200.0  58913.0  58967.7   3241.344      -0.2283
2024-08-13 13:30:00+00:00  58967.6  59034.4  58805.3  58902.7   2713.667      -0.0563
2024-08-13 13:45:00+00:00  58902.7  59250.0  58813.9  59166.3   4955.931       0.0130
2024-08-13 14:00:00+00:00  59166.3  59393.3  59139.4  59362.0   5079.755       0.0360
2024-08-13 14:15:00+00:00  59361.9  59539.8  59231.0  59522.9   3900.264       0.0298
2024-08-13 14:30:00+00:00  59522.9  59649.0  59349.8  59417.9   4624.369      -0.1753
2024-08-13 14:45:00+00:00  59417.8  59500.0  58986.2  59480.0   6281.766      -0.0291
2024-08-13 15:00:00+00:00  59479.9  59748.8  59430.0  59606.1   5785.785       0.0581
2024-08-13 15:15:00+00:00  59606.2  59693.2  59400.0  59464.4   2503.914      -0.1381
2024-08-13 15:30:00+00:00  59464.3  59559.9  59351.0  59452.5   2049.686      -0.1247
2024-08-13 15:45:00+00:00  59452.6  59496.0  59302.4  59421.1   1723.953      -0.0602
2024-08-13 16:00:00+00:00  59421.2  59499.3  59336.4  59438.4   1009.413       0.0428
2024-08-13 16:15:00+00:00  59438.4  59772.0  59402.6  59700.0   2872.045       0.1713
2024-08-13 16:30:00+00:00  59700.0  60134.0  59699.8  59855.9   6522.223       0.0422
2024-08-13 16:45:00+00:00  59855.9  60649.2  59855.9  60595.3  11215.232       0.2049
2024-08-13 17:00:00+00:00  60595.3  61150.0  60563.1  61121.0  13064.412       0.1502
2024-08-13 17:15:00+00:00  61121.0  61389.0  60929.8  61337.2  10818.493      -0.0410
2024-08-13 17:30:00+00:00  61337.2  61441.5  61076.1  61237.3   5771.107      -0.1141
2024-08-13 17:45:00+00:00  61237.4  61545.0  61228.1  61466.9   4394.081       0.2074
2024-08-13 18:00:00+00:00  61467.0  61514.4  60867.1  61134.1   8602.304      -0.1348
2024-08-13 18:15:00+00:00  61134.1  61187.1  60943.7  61068.0   3966.203       0.0701
2024-08-13 18:30:00+00:00  61068.1  61096.9  60828.9  60958.7   2669.103      -0.0238
2024-08-13 18:45:00+00:00  60958.7  61095.5  60818.0  60948.4   2785.567       0.2381
2024-08-13 19:00:00+00:00  60948.3  60952.9  60740.0  60774.5   3551.418      -0.0889
2024-08-13 19:15:00+00:00  60774.5  60824.7  60580.0  60674.0   2951.434      -0.0790

RESPONSE 1m
                              open     high      low    close    volume  delta_share
ts                                                                                  
2024-08-13 18:52:00+00:00  60849.5  60849.6  60805.5  60813.7    84.656      -0.6450
2024-08-13 18:53:00+00:00  60813.6  60813.6  60750.0  60800.1   377.609       0.0171
2024-08-13 18:54:00+00:00  60800.0  60800.0  60740.0  60776.3   163.724      -0.1010
2024-08-13 18:55:00+00:00  60776.3  60874.9  60771.6  60869.7   261.496       0.4848
2024-08-13 18:56:00+00:00  60869.6  60886.9  60835.9  60835.9   122.903       0.0982
2024-08-13 18:57:00+00:00  60835.9  60842.1  60801.9  60823.9   150.055      -0.3718
2024-08-13 18:58:00+00:00  60824.0  60824.0  60802.7  60810.8   101.822      -0.4650
2024-08-13 18:59:00+00:00  60810.9  60810.9  60785.0  60801.9    67.565       0.0100
2024-08-13 19:00:00+00:00  60802.0  60810.8  60774.5  60774.5    66.857      -0.2485
2024-08-13 19:01:00+00:00  60774.5  60774.5  60702.2  60708.7   347.170      -0.3879
2024-08-13 19:02:00+00:00  60708.7  60756.8  60666.6  60712.8   542.821      -0.1787
2024-08-13 19:03:00+00:00  60712.8  60824.7  60712.8  60800.7   260.937       0.4676
2024-08-13 19:04:00+00:00  60800.6  60805.6  60720.0  60720.0    94.649      -0.3818
2024-08-13 19:05:00+00:00  60720.1  60720.1  60663.7  60686.6   186.691      -0.1457
2024-08-13 19:06:00+00:00  60686.6  60686.6  60615.3  60620.0   421.474      -0.2669
2024-08-13 19:07:00+00:00  60620.1  60699.4  60620.0  60680.1   203.578       0.0704
2024-08-13 19:08:00+00:00  60680.2  60685.5  60580.0  60629.3   469.745      -0.0755
2024-08-13 19:09:00+00:00  60629.3  60634.9  60592.4  60631.9   177.850       0.0358
2024-08-13 19:10:00+00:00  60631.9  60664.2  60609.3  60625.3   124.079       0.1364
2024-08-13 19:11:00+00:00  60625.2  60679.4  60615.6  60674.0   122.440       0.4104
2024-08-13 19:12:00+00:00  60674.0  60679.0  60643.0  60670.4    79.330       0.0238
2024-08-13 19:13:00+00:00  60670.3  60679.0  60643.1  60666.3    85.538       0.4190
2024-08-13 19:14:00+00:00  60666.3  60668.5  60611.5  60616.2    42.529      -0.1168
2024-08-13 19:15:00+00:00  60616.3  60616.3  60555.0  60557.1   228.899      -0.4752
2024-08-13 19:16:00+00:00  60557.1  60565.8  60530.0  60533.1   259.892      -0.0496
2024-08-13 19:17:00+00:00  60533.0  60533.0  60457.5  60507.1   687.729      -0.2517
2024-08-13 19:18:00+00:00  60507.2  60575.7  60425.7  60441.9   667.202      -0.0919
2024-08-13 19:19:00+00:00  60441.9  60509.9  60437.2  60460.1   194.945       0.0778
2024-08-13 19:20:00+00:00  60460.1  60558.0  60452.4  60502.0   195.834       0.1108
2024-08-13 19:21:00+00:00  60502.1  60512.0  60291.0  60321.5  1002.480      -0.4926
2024-08-13 19:22:00+00:00  60321.4  60325.5  60230.1  60254.1   766.343      -0.2384
2024-08-13 19:23:00+00:00  60254.0  60342.1  60217.5  60323.6   479.708       0.1745
2024-08-13 19:24:00+00:00  60323.7  60370.0  60319.7  60370.0   255.686       0.4318
2024-08-13 19:25:00+00:00  60370.0  60370.0  60300.4  60349.9   205.746      -0.1554
2024-08-13 19:26:00+00:00  60349.9  60469.0  60323.5  60469.0   279.156       0.8017
2024-08-13 19:27:00+00:00  60469.0  60498.0  60418.5  60450.0   299.583      -0.0401
2024-08-13 19:28:00+00:00  60450.1  60465.9  60422.0  60438.5   133.421       0.1194
2024-08-13 19:29:00+00:00  60438.5  60824.6  60438.5  60743.1  1870.429       0.4420
2024-08-13 19:30:00+00:00  60742.9  60768.1  60675.5  60763.6   361.366       0.0121
2024-08-13 19:31:00+00:00  60763.7  60908.4  60753.0  60829.0   750.465       0.2010