TRADE BTCUSDT 2024-08-16 04:03:00+00:00
side: 1
source_level: 57850.0
entry: 57820.1
entry_fill: 57820.1
stop: 57488.5
target: 58176.4
net_r: 0.8623602663465035
holding_minutes: 41.0
interaction_time_ns: 1723775700000000000
acceptance: 1.0
return_depth: 1.0463637773298213
return_activity: 0.37382370706770407

CONTEXT 15m
                              open     high      low    close     volume  delta_share
ts                                                                                   
2024-08-15 20:15:00+00:00  57084.7  57090.3  56720.3  57041.7   5646.293      -0.0637
2024-08-15 20:30:00+00:00  57041.7  57042.0  56735.0  56853.0   3791.004      -0.0973
2024-08-15 20:45:00+00:00  56853.0  56899.7  56701.8  56814.1   2265.131      -0.0582
2024-08-15 21:00:00+00:00  56814.0  56880.1  55969.0  56634.9  13341.534      -0.1821
2024-08-15 21:15:00+00:00  56634.9  57024.7  56571.3  56921.4   7179.090       0.1787
2024-08-15 21:30:00+00:00  56921.4  57076.6  56713.6  57032.4   4031.600       0.2441
2024-08-15 21:45:00+00:00  57032.4  57348.0  56914.2  57121.7   5155.958       0.2122
2024-08-15 22:00:00+00:00  57121.6  57599.0  57120.0  57582.9   4095.980       0.2587
2024-08-15 22:15:00+00:00  57583.0  57600.2  57342.0  57483.3   3775.911      -0.0574
2024-08-15 22:30:00+00:00  57483.2  57672.6  57437.5  57652.0   2586.597       0.0428
2024-08-15 22:45:00+00:00  57652.0  57850.0  57594.6  57694.3   3214.009      -0.0430
2024-08-15 23:00:00+00:00  57694.3  57698.0  57485.8  57584.1   2420.366      -0.2195
2024-08-15 23:15:00+00:00  57584.0  57650.0  57447.4  57625.9   1733.393      -0.1216
2024-08-15 23:30:00+00:00  57626.0  57723.4  57546.9  57691.2   1505.290       0.0461
2024-08-15 23:45:00+00:00  57691.2  57789.0  57590.1  57600.1   2143.851      -0.0327
2024-08-16 00:00:00+00:00  57600.2  57637.5  57464.4  57511.0   1395.586      -0.0491
2024-08-16 00:15:00+00:00  57511.1  57551.6  57422.9  57463.1   2213.354       0.0545
2024-08-16 00:30:00+00:00  57463.0  57642.1  57342.9  57377.9   2305.257      -0.0609
2024-08-16 00:45:00+00:00  57377.8  57479.5  57326.5  57381.7   1414.509      -0.0617
2024-08-16 01:00:00+00:00  57381.8  57527.5  57360.0  57438.3    882.894       0.0618
2024-08-16 01:15:00+00:00  57438.3  57592.4  57330.0  57340.9   2211.887      -0.3330
2024-08-16 01:30:00+00:00  57340.8  57365.3  57062.1  57140.0   3283.616      -0.2564
2024-08-16 01:45:00+00:00  57140.0  57366.6  57126.8  57334.8   1731.240       0.1485
2024-08-16 02:00:00+00:00  57334.8  57518.4  57180.6  57515.3   2379.475       0.3187
2024-08-16 02:15:00+00:00  57515.3  57566.2  57295.3  57381.3   1564.489      -0.1605
2024-08-16 02:30:00+00:00  57381.3  57799.1  57322.2  57737.4   3448.136       0.3720
2024-08-16 02:45:00+00:00  57737.2  58494.9  57717.2  58107.9  11593.278       0.1605
2024-08-16 03:00:00+00:00  58108.0  58176.0  57958.1  58168.5   2018.866      -0.0250
2024-08-16 03:15:00+00:00  58168.4  58180.0  58048.0  58082.5   1794.897      -0.1932
2024-08-16 03:30:00+00:00  58082.5  58188.0  57967.0  58067.9   2461.185      -0.0996
2024-08-16 03:45:00+00:00  58068.0  58068.0  57875.6  57895.6   1577.747      -0.2198
2024-08-16 04:00:00+00:00  57894.2  57894.2  57770.0  57858.1   1728.057      -0.1849
2024-08-16 04:15:00+00:00  57858.1  57864.0  57771.1  57864.0    407.017       0.0058

RESPONSE 1m
                              open     high      low    close   volume  delta_share
ts                                                                                 
2024-08-16 03:44:00+00:00  57893.9  57894.0  57876.3  57888.1   47.099      -0.3506
2024-08-16 03:45:00+00:00  57888.1  57927.2  57888.1  57895.6  131.343       0.3860
2024-08-16 03:46:00+00:00  57894.2  57894.2  57855.0  57874.0  185.820      -0.1516
2024-08-16 03:47:00+00:00  57874.1  57891.1  57872.0  57876.0   73.750       0.0926
2024-08-16 03:48:00+00:00  57876.1  57876.1  57821.2  57860.4  197.980      -0.2615
2024-08-16 03:49:00+00:00  57860.4  57860.5  57770.0  57845.7  549.189      -0.4292
2024-08-16 03:50:00+00:00  57845.7  57857.1  57830.0  57857.1   91.813       0.0681
2024-08-16 03:51:00+00:00  57857.1  57878.5  57845.0  57858.1   72.570       0.3508
2024-08-16 03:52:00+00:00  57858.8  57872.8  57845.2  57867.9   41.803       0.3802
2024-08-16 03:53:00+00:00  57868.0  57877.3  57838.0  57855.0   55.153       0.0644
2024-08-16 03:54:00+00:00  57855.0  57855.0  57828.1  57840.4   32.408      -0.0116
2024-08-16 03:55:00+00:00  57840.3  57840.3  57770.1  57775.9  151.409      -0.7641
2024-08-16 03:56:00+00:00  57775.9  57809.1  57774.1  57809.1   66.136       0.1429
2024-08-16 03:57:00+00:00  57809.1  57824.1  57809.1  57819.1   45.377       0.4664
2024-08-16 03:58:00+00:00  57819.1  57836.0  57799.9  57836.0   64.392       0.0540
2024-08-16 03:59:00+00:00  57836.0  57851.7  57831.6  57851.5   56.945       0.1422
2024-08-16 04:00:00+00:00  57851.4  57861.9  57847.9  57858.1   43.312       0.2793
2024-08-16 04:01:00+00:00  57858.1  57859.5  57820.0  57820.0   61.955       0.0103
2024-08-16 04:02:00+00:00  57820.1  57832.4  57771.1  57799.1  193.230      -0.3295
2024-08-16 04:03:00+00:00  57799.0  57864.0  57794.0  57864.0  151.832       0.4306
2024-08-16 04:04:00+00:00  57864.1  57875.0  57859.5  57875.0   70.042       0.3324
2024-08-16 04:05:00+00:00  57875.0  57902.0  57874.9  57902.0  150.718       0.5689
2024-08-16 04:06:00+00:00  57902.0  57908.6  57874.9  57898.2  163.559      -0.3866
2024-08-16 04:07:00+00:00  57898.3  57923.7  57895.9  57900.0  165.153       0.4206
2024-08-16 04:08:00+00:00  57900.0  57962.2  57899.9  57962.2  159.967       0.7949
2024-08-16 04:09:00+00:00  57962.2  57963.0  57901.9  57907.9  225.722      -0.0349
2024-08-16 04:10:00+00:00  57908.0  57935.8  57877.1  57877.3  113.753      -0.4142
2024-08-16 04:11:00+00:00  57877.3  57899.7  57841.9  57841.9   79.588      -0.3662
2024-08-16 04:12:00+00:00  57842.0  57861.3  57829.3  57835.1   61.262      -0.1179
2024-08-16 04:13:00+00:00  57835.1  57838.0  57812.5  57813.1   63.393      -0.1899
2024-08-16 04:14:00+00:00  57813.1  57816.5  57775.2  57776.0   99.633      -0.8349
2024-08-16 04:15:00+00:00  57776.0  57829.0  57774.5  57827.0   72.304       0.3363
2024-08-16 04:16:00+00:00  57827.0  57827.0  57766.3  57820.8  115.796      -0.1662
2024-08-16 04:17:00+00:00  57820.8  57854.5  57815.3  57851.4   47.175       0.0152
2024-08-16 04:18:00+00:00  57851.4  57906.2  57851.4  57901.7  116.440       0.8759
2024-08-16 04:19:00+00:00  57901.6  57937.1  57886.3  57937.1   92.732       0.5409
2024-08-16 04:20:00+00:00  57937.1  57950.0  57907.7  57925.9   99.739       0.1600
2024-08-16 04:21:00+00:00  57925.9  57944.0  57920.0  57922.3   70.490      -0.0600
2024-08-16 04:22:00+00:00  57922.2  57947.0  57922.2  57928.0   37.667       0.1133
2024-08-16 04:23:00+00:00  57928.1  57970.1  57928.1  57958.2  137.030       0.8521