TRADE BTCUSDT 2024-08-17 03:16:00+00:00
side: 1
source_level: 59025.100000000006
entry: 59031.9
entry_fill: 59031.9
stop: 58913.700000000004
target: 59280.200000000004
net_r: 1.2556756127741273
holding_minutes: 366.0
interaction_time_ns: 1723855800000000000
acceptance: 1.0
return_depth: 0.9798757028706848
return_activity: 0.9721877418817226

CONTEXT 15m
                              open     high      low    close    volume  delta_share
ts                                                                                  
2024-08-16 19:30:00+00:00  59592.5  59764.2  59507.0  59738.3  3641.096       0.0145
2024-08-16 19:45:00+00:00  59738.2  59780.2  59569.9  59671.4  2756.205      -0.1244
2024-08-16 20:00:00+00:00  59671.5  59743.3  59580.0  59649.2  2018.462      -0.0615
2024-08-16 20:15:00+00:00  59649.3  59678.2  59479.0  59494.4  1900.277      -0.1829
2024-08-16 20:30:00+00:00  59494.4  59515.6  59334.9  59459.9  2348.272      -0.0765
2024-08-16 20:45:00+00:00  59459.9  59470.0  59182.2  59205.8  2206.514      -0.1192
2024-08-16 21:00:00+00:00  59205.9  59392.5  59156.0  59228.5  2003.807       0.0608
2024-08-16 21:15:00+00:00  59228.5  59282.9  59094.4  59154.3  1552.393      -0.2029
2024-08-16 21:30:00+00:00  59154.4  59175.2  58960.3  59073.5  2305.851      -0.2670
2024-08-16 21:45:00+00:00  59073.6  59162.8  59002.0  59061.0   777.911       0.2419
2024-08-16 22:00:00+00:00  59061.0  59061.1  58912.6  58993.4   762.924       0.0468
2024-08-16 22:15:00+00:00  58993.4  59152.8  58947.8  59033.2  1560.347       0.2924
2024-08-16 22:30:00+00:00  59031.0  59141.0  59004.0  59087.8   780.631       0.2842
2024-08-16 22:45:00+00:00  59087.2  59145.0  59011.8  59094.0   677.260       0.2229
2024-08-16 23:00:00+00:00  59093.9  59093.9  58939.8  58939.8   637.526      -0.2009
2024-08-16 23:15:00+00:00  58939.9  58964.2  58711.4  58717.2  2331.514      -0.3507
2024-08-16 23:30:00+00:00  58717.2  58983.6  58715.6  58983.0  1635.331       0.3756
2024-08-16 23:45:00+00:00  58982.9  59025.1  58865.0  58937.9  1373.015      -0.0642
2024-08-17 00:00:00+00:00  58937.9  58971.3  58817.2  58854.9   716.665       0.0770
2024-08-17 00:15:00+00:00  58854.9  58897.2  58781.4  58872.1   816.428      -0.0928
2024-08-17 00:30:00+00:00  58872.1  58956.7  58769.4  58900.1   993.899       0.1932
2024-08-17 00:45:00+00:00  58900.0  58998.7  58805.0  58959.3   773.271       0.2403
2024-08-17 01:00:00+00:00  58959.2  59233.9  58953.0  59151.3  3545.385       0.2865
2024-08-17 01:15:00+00:00  59151.2  59227.0  59086.5  59169.0  1276.477       0.0967
2024-08-17 01:30:00+00:00  59169.0  59242.9  59085.4  59216.2   966.730      -0.0134
2024-08-17 01:45:00+00:00  59216.2  59360.0  59150.0  59355.5  1390.057       0.2766
2024-08-17 02:00:00+00:00  59355.6  59363.0  59139.9  59212.2  1010.708      -0.2917
2024-08-17 02:15:00+00:00  59212.2  59310.0  59154.0  59161.2   984.252      -0.0565
2024-08-17 02:30:00+00:00  59161.2  59220.0  59085.4  59128.5   874.012      -0.2084
2024-08-17 02:45:00+00:00  59128.5  59180.0  59104.6  59150.0   450.519      -0.0946
2024-08-17 03:00:00+00:00  59150.1  59177.7  59076.3  59121.9   514.107      -0.1916
2024-08-17 03:15:00+00:00  59122.0  59154.8  59010.0  59031.9   918.393      -0.3719
2024-08-17 03:30:00+00:00  59031.8  59055.1  59031.8  59055.0    65.881       0.2909

RESPONSE 1m
                              open     high      low    close   volume  delta_share
ts                                                                                 
2024-08-17 02:57:00+00:00  59124.7  59130.0  59106.7  59118.0   18.936      -0.3396
2024-08-17 02:58:00+00:00  59117.9  59125.0  59117.9  59118.0   17.021      -0.2577
2024-08-17 02:59:00+00:00  59117.9  59125.0  59101.0  59105.7   40.771      -0.7246
2024-08-17 03:00:00+00:00  59105.8  59122.0  59105.7  59121.9   35.061       0.1270
2024-08-17 03:01:00+00:00  59122.0  59127.5  59105.6  59105.6   47.342      -0.4249
2024-08-17 03:02:00+00:00  59105.6  59105.7  59083.1  59086.0   61.029      -0.8100
2024-08-17 03:03:00+00:00  59086.1  59100.1  59086.0  59095.6   48.219      -0.1780
2024-08-17 03:04:00+00:00  59095.5  59099.0  59085.0  59098.9   27.005      -0.3380
2024-08-17 03:05:00+00:00  59099.0  59127.4  59095.0  59095.0   58.151       0.2499
2024-08-17 03:06:00+00:00  59095.0  59133.9  59094.7  59133.9   30.470       0.4647
2024-08-17 03:07:00+00:00  59133.8  59154.8  59133.8  59137.1   70.743      -0.5070
2024-08-17 03:08:00+00:00  59137.2  59137.2  59111.3  59121.5   10.816       0.0349
2024-08-17 03:09:00+00:00  59121.5  59124.1  59096.8  59096.8   18.167       0.0311
2024-08-17 03:10:00+00:00  59096.8  59096.8  59073.6  59077.7   63.889      -0.5812
2024-08-17 03:11:00+00:00  59077.7  59084.7  59073.8  59078.1   68.617      -0.3996
2024-08-17 03:12:00+00:00  59078.1  59084.7  59070.0  59070.0   27.780      -0.2891
2024-08-17 03:13:00+00:00  59070.0  59070.1  59056.5  59056.5   65.226      -0.8242
2024-08-17 03:14:00+00:00  59056.5  59057.1  59010.0  59045.9  211.012      -0.3485
2024-08-17 03:15:00+00:00  59045.9  59055.5  59019.6  59031.9  109.927      -0.4387
2024-08-17 03:16:00+00:00  59031.8  59055.1  59031.8  59055.0   65.881       0.2909
2024-08-17 03:17:00+00:00  59055.1  59068.0  59036.4  59068.0   43.289       0.0482
2024-08-17 03:18:00+00:00  59067.9  59068.2  59040.1  59055.6   29.186      -0.0211
2024-08-17 03:19:00+00:00  59055.6  59058.7  59027.1  59032.4   52.468      -0.3973
2024-08-17 03:20:00+00:00  59032.4  59057.1  59020.6  59053.7   83.361       0.5025
2024-08-17 03:21:00+00:00  59053.7  59115.9  59038.0  59090.0  122.455       0.4452
2024-08-17 03:22:00+00:00  59090.0  59100.2  59077.6  59085.0   49.646       0.6131
2024-08-17 03:23:00+00:00  59085.0  59097.8  59066.4  59072.2   29.578       0.0573
2024-08-17 03:24:00+00:00  59072.2  59093.3  59072.2  59087.9   29.066       0.6242
2024-08-17 03:25:00+00:00  59088.0  59090.2  59081.4  59090.1   16.354       0.0263
2024-08-17 03:26:00+00:00  59090.1  59090.2  59045.3  59045.4   69.391      -0.5984
2024-08-17 03:27:00+00:00  59045.3  59054.8  59041.5  59041.6   18.672       0.1842
2024-08-17 03:28:00+00:00  59041.5  59049.6  58978.6  59005.3  254.203      -0.5164
2024-08-17 03:29:00+00:00  59005.3  59011.6  58991.6  58997.1   92.054      -0.3545
2024-08-17 03:30:00+00:00  58997.0  59012.7  58997.0  58999.1   50.187       0.3874
2024-08-17 03:31:00+00:00  58999.1  59007.2  58993.8  59004.1   89.238       0.5216
2024-08-17 03:32:00+00:00  59004.1  59034.7  59000.0  59026.7   22.471       0.3243
2024-08-17 03:33:00+00:00  59026.6  59026.7  58995.0  58995.0   33.956      -0.7939
2024-08-17 03:34:00+00:00  58995.1  58995.1  58971.1  58989.0  127.009      -0.4590
2024-08-17 03:35:00+00:00  58988.9  59000.0  58985.0  58994.0   43.539       0.3398
2024-08-17 03:36:00+00:00  58994.1  59016.2  58994.1  59010.1   60.346       0.4068